36 2735 1335 8731 273 4644 7877 2600 6279 1902 3615 9492 9838 3680 7164 8807 7907 8689 4251 8778 520 4621 6791 7642 1116 3273 9434 5741 8633 1698 8267 2830 4095 8712 5775 8925 7681
12 6529 5387 8262 8158 874 513 6634 1326 3038 6068 2570 2573
10 6706 5717 3647 4603 7199 7473 1990 8139 9451 5891
19 3168 8630 8557 2079 3197 6159 4467 6897 3145 9848 917 53 2369 2582 1156 3652 8078 831 2038
13 150 1276 5955 2112 4836 3163 2144 7099 5986 6588 7096 6683 2951
26 4154 1221 6645 9341 6567 8244 6460 3948 8881 8481 3399 1743 5778 2595 7225 7658 5355 9390 1329 5956 5542 5961 392 1084 7795 4908
20 5971 8484 2424 4693 1593 3049 9347 1384 5189 6200 8464 4017 5553 2349 9204 664 1462 6355 1713 8364
15 2026 4935 8104 4112 5566 6186 7554 6942 3439 3760 8612 2922 9097 8850 7111
21 206 8207 498 7787 5285 2997 8585 7631 5915 4806 5534 880 8111 9750 8636 6187 4779 9088 3043 7441 1653
26 8588 6818 5621 552 6809 9364 5012 4063 7912 7794 8995 4617 5532 4092 8857 9239 3165 9315 9006 651 4367 8528 5467 7035 2998 7937
26 1200 7255 1755 1365 7777 7102 6491 4274 8220 952 397 6996 5910 3102 6346 3392 1618 6555 3037 2503 5685 911 8053 4378 7410 9831
7 400 9965 248 439 95 9680 3202
11 4595 5576 141 7931 2206 3421 4329 9146 2697 6453 9461
21 4855 4059 5300 1138 583 3708 541 1218 2923 517 5793 7746 1395 8966 6104 2933 9986 7954 707 9387 8154
18 4839 2720 1135 305 2388 6682 9366 207 1094 9318 9343 7469 6014 3010 8897 8972 8900 3492
8 1421 9636 9483 8142 6895 1987 3890 7133
12 4058 7929 6633 7956 1414 8698 7428 9459 4476 2253 1573 1662
14 839 5888 6293 9912 2732 7415 4085 9208 4628 8743 6281 3455 6801 7678
14 483 3616 1557 1046 7808 3453 9526 7453 9861 281 1969 5774 0 9915
21 9140 8578 9896 5663 8447 5008 4403 2909 6707 2075 5155 5062 1108 9250 4721 7518 8114 9350 1056 630 2862
27 1978 1724 1447 2774 8736 5393 2293 1267 7710 2335 2717 8343 4685 9136 7106 9541 7966 738 6653 995 9501 9808 4424 6522 6241 2409 7996
29 6058 9450 3885 3542 6705 348 9836 8800 9537 1679 9474 4351 3761 5396 9894 451 2859 7521 6065 8598 4670 4178 7752 6368 3715 2450 4778 9178 1375
14 4966 374 3203 7048 1330 8312 7381 7361 1470 5026 6156 1246 8535 2839
12 9409 2883 568 4066 7468 3080 4364 8451 8707 107 7667 6828
22 7092 2696 3778 3735 81 4002 4608 9930 1045 8567 1767 9155 5802 6545 6211 5740 9542 5506 390 6991 7733 8607
6 2220 1752 3225 9446 6461 8433
23 3167 3149 4495 4586 554 5491 4583 7406 5540 3381 9982 3913 9892 5115 6500 7925 3020 2427 3250 6315 5973 4047 3945
17 1332 3540 3311 4648 5829 1674 8521 8346 8902 951 4384 7643 9844 7562 1175 3341 562
11 5948 2899 4170 8548 1778 2486 5825 2953 9439 8178 6405
20 6735 7314 730 5351 8530 7442 3938 481 6967 8300 7715 5690 2958 2415 8266 9570 8603 5462 4388 4646
33 3176 2566 200 435 4643 1386 292 1518 751 8652 3211 9240 4613 6353 928 9110 9858 6528 9275 4464 9835 5085 1964 1608 4726 3322 4864 1798 8866 7069 3126 9668 5407
36 1757 7952 3030 7687 3546 8213 6502 8787 8435 2495 8040 4815 5748 6270 5602 6825 9458 11 2513 3946 9877 6628 3195 4619 2371 6103 6617 9973 9883 7416 1892 4315 3727 3934 5273 8594
28 8462 5541 3188 3445 933 8187 2482 9262 5433 3228 8148 1612 8214 4045 1741 5391 1985 5738 8006 2619 7519 4199 6434 6051 1202 7985 234 6623
34 1313 8133 5347 5674 704 6026 4585 3319 4664 2033 7344 7205 7502 8926 9420 865 6243 9539 3763 8049 3448 3074 3909 4313 2705 9040 8478 9210 898 2138 2286 7008 176 913
17 975 3632 3795 4869 8128 3732 9138 9897 2248 3247 2115 5780 9635 6624 8337 1306 6400
11 935 984 1222 6956 4636 8072 3271 9843 2640 2771 4471
33 920 6670 8564 1407 3697 7188 6662 1228 4196 4882 5698 9105 9068 6168 6196 7636 1859 244 5844 8793 7798 3000 4971 4963 3192 9034 3350 7305 8340 2628 9673 7820 9476
13 895 1319 7050 8777 5321 1367 7295 6691 3500 7617 2200 9176 7950
27 5628 8378 5713 7555 4433 4802 5786 399 3499 467 6859 3406 6077 4975 2199 8775 6945 9162 3243 3486 8756 316 9782 246 6439 6185 8131
11 1066 8175 5192 8708 4435 9619 9090 9166 2736 4929 7281
24 4475 6150 7180 3603 8254 8298 2954 3469 9299 6253 1981 3751 7280 2485 2750 9741 5461 731 8613 7978 9024 8280 2170 5874
21 3364 1475 9031 7998 5486 9508 7542 7587 3449 3689 3935 8754 6411 4556 8386 9427 13 6151 1137 9004 8210
29 8587 5218 8149 3990 1794 3068 3910 8774 3191 2059 1565 7745 716 544 2362 8426 1907 4073 2690 4468 4191 9509 5669 8080 6911 4189 8100 391 840
14 1994 7243 1723 1873 9610 7579 3227 1721 8273 8662 7933 1314 7990 8700
27 3444 700 2576 2941 5299 9707 789 9979 8277 873 4801 8649 8250 2955 1165 5249 1714 5577 2404 8476 4738 6933 1144 2747 495 3897 1293
7 8786 8410 8653 4953 3083 8785 4027
12 5503 2999 2105 6698 7135 9623 708 582 388 9358 641 9329
21 2653 7988 1480 8645 8760 7231 8261 6848 2400 5835 255 7635 1457 6561 2257 3551 8608 4172 5361 421 2096
16 6570 1169 1109 9133 9284 4249 2710 3905 7016 1328 3437 2685 3598 2929 2811 835
25 1349 494 2407 1943 5567 6571 8524 6940 5323 4970 8060 8811 9435 1358 1270 103 3878 6852 3034 2358 8685 5613 2373 432 8147
17 867 5064 4734 4711 4539 510 5556 363 6947 3711 6287 3497 5207 3971 4267 4320 8022
11 2867 5998 2104 4426 2805 285 487 154 1351 8076 4949
18 6689 6466 3549 8962 6901 6900 7186 9402 7471 6321 5141 7863 5596 9938 2785 3665 8818 5398
13 7119 7293 5902 2738 7114 6913 9191 6752 4208 2799 8034 1272 2053
29 627 1100 3951 5510 6558 8370 448 3830 146 9819 2250 4888 832 5021 4209 2808 2438 9889 2057 5512 5203 1632 9248 4559 631 2259 5266 6465 302
14 8292 4214 1563 9283 5054 6744 4174 1484 5549 4820 2908 9172 5555 2659
36 2296 9406 8489 9128 8021 9595 41 7580 1640 5425 69 9684 1181 8909 6306 8268 4787 8177 9185 9388 542 8387 7340 7012 3387 9616 4513 8802 9793 86 3518 8036 1425 5718 4292 5434
22 3758 6304 1995 9543 9306 7934 2751 9802 2884 4166 8317 8986 9529 2655 8201 2886 8216 9700 5077 9771 6997 2210
35 2436 965 5954 3170 2245 802 2982 9171 7451 4246 2626 4331 7278 4247 6677 3750 4297 6157 7651 3570 3266 9531 5627 5104 77 6204 7313 5805 5834 7437 1581 8888 5563 9099 4987
17 166 6239 1689 6550 4666 9944 9100 8791 6985 1676 6737 6313 5951 5092 7121 3725 9360
16 2426 4194 1121 9255 8536 3816 7683 4605 2731 4497 1309 3782 3258 8952 5140 8253
17 3976 8203 9631 9252 5614 4862 7871 9726 3941 8305 1487 6209 5096 6291 7112 3850 9532
17 4184 5205 5507 6473 3114 3325 6971 199 1583 3646 6413 9165 1537 6703 1716 6344 1855
17 5890 5636 9830 989 5477 3193 7917 703 8549 4148 229 4337 869 7302 5900 7606 5456
21 3362 7483 3404 8027 9866 5039 5993 6937 5421 7326 2871 858 4737 9873 1044 2946 9294 7878 8137 2203 2321
29 5282 7196 5100 9729 3054 8796 5779 7466 2670 4567 2024 5453 6131 3912 9448 7736 5924 5195 1574 6351 6330 6936 1064 6959 4479 2493 8232 7185 7855
36 24 2020 3442 7640 9405 2536 9996 9666 9412 8198 5710 9052 354 5957 8093 8835 8079 4944 2505 9012 5214 3714 7462 985 1671 5482 5607 4118 9279 149 9266 1479 6994 9354 632 5798
17 5757 1843 98 7602 3112 5371 8561 2469 5229 7158 9854 333 2698 5931 321 181 2818
14 1635 4455 1697 3840 7464 5084 9386 6838 243 3911 5918 9922 948 8070
8 6669 3512 8088 7436 1076 9749 2408 1378
15 7000 665 3420 761 9116 6216 1884 4520 9840 7089 3084 1347 7368 4755 7044
33 8146 6710 3036 922 4602 942 6356 5656 6587 4584 7796 4552 678 1402 9205 8676 3045 1388 6231 4505 5594 4442 5560 8015 3171 7845 4261 8083 1576 2457 2914 5449 925
29 2920 2015 8795 1637 6742 7477 9681 4546 645 9177 9381 8560 4893 3290 7351 7339 500 5097 1622 2894 3503 6632 5144 9716 3081 9970 3562 8738 8012
14 1111 233 9748 1918 7930 1712 6505 2070 3206 8454 2679 441 6032 4662
4 32 6048 5091 7813
13 208 8615 4070 8752 1953 4161 4444 2195 804 2823 8569 3633 2806
9 4450 5913 3230 9280 470 1720 6348 3838 3588
23 8973 7171 5899 2292 8869 459 1415 561 134 8288 8415 3438 676 1036 2553 8436 1070 5223 7577 7719 8265 220 5884
31 9411 5222 2589 6740 8784 825 7870 9495 6245 9127 2095 2630 8353 1264 7737 7734 9221 9113 771 8937 2381 6640 556 3143 8222 2666 8658 9878 5788 5063 7105
36 3855 8640 7070 8840 610 4056 9020 7475 3651 5213 2327 212 6340 9477 1152 2233 5777 7435 3340 7689 8285 8928 4453 5073 3098 7883 3609 3649 5873 1157 7767 9676 9331 6559 7593 2540
10 5615 6110 1874 6684 6029 85 8988 2037 2565 2445
31 3257 8739 1852 6457 7637 5535 5818 4285 3566 5295 3146 3783 9934 4213 6772 9298 1050 3351 7498 4082 9788 9122 4765 4425 2616 5423 9600 4922 4311 9661 1898
23 5018 8878 6831 7891 8209 5400 9512 7918 5005 3 815 9222 237 9001 7822 9056 7974 9885 7708 7832 124 6995 7146
14 8703 2917 2695 2418 2759 9957 1103 9253 3703 9499 9517 5065 9522 8865
18 4958 9505 6657 9370 7334 249 5561 1539 9565 205 5357 8655 9905 6440 7218 7705 2615 6288
24 3090 7429 7499 6695 3743 9976 3457 6843 7108 8562 3895 2034 2086 2645 7187 684 5832 2851 8934 1786 3684 6365 4308 9876
10 1178 9273 3354 2040 4562 4033 4786 4660 4019 8824
14 1845 1745 9731 3133 7274 4406 8620 6495 4430 3154 8181 600 7910 5067
12 8190 4089 8542 2173 2766 3509 2122 1988 1396 1979 8107 8047
12 2385 3482 23 8144 2647 2985 6136 6278 2337 6 1020 7166
3 5601 9410 2660
7 9627 3017 6951 5620 7685 330 7110
32 950 2663 6141 5241 6764 7595 2568 4677 1934 3610 5262 930 6326 9225 6552 5101 8516 8922 2672 8859 4672 4620 3217 4861 8384 9399 1366 5923 3987 1923 4649 2508
17 945 3424 7585 502 846 6563 313 6893 3793 7380 7122 9650 1205 7126 6229 2625 6246
8 2406 4857 2346 9214 3734 6194 4042 4374
14 3904 147 7078 352 6566 3454 6743 2142 6240 8294 1621 4290 6543 2709
23 2209 64 9151 6907 2948 4496 2722 5558 2996 3483 1164 2109 3352 5728 5278 42 9124 7423 2807 6207 7742 5937 8874
18 1160 7234 3157 4293 4125 4675 4906 6102 7897 8886 7844 3283 859 2962 1268 2858 4759 1009
23 3398 8035 2304 6729 1553 5994 6179 1980 5124 9798 4289 3967 5427 8496 8004 8771 9703 747 888 705 2185 9960 6441
25 497 381 2952 7162 7019 6078 1271 6367 5088 2831 7672 1069 4950 8390 7806 5270 5927 2490 6731 3280 8417 4540 3224 5294 3417
7 8809 7894 6642 2374 6463 7601 5547
23 5550 1710 4104 7407 338 575 6540 17 6289 309 2542 3982 1719 6427 7258 6796 834 3627 6046 6621 8126 7038 2691
20 458 8664 9859 947 7793 1012 5464 4173 9372 5190 4187 1807 7979 4179 6435 8429 4977 590 3543 1150
16 2515 4907 9823 7680 524 5268 1371 213 5180 1505 5638 7720 1936 31 2007 1718
5 9927 6016 108 638 8163
22 9523 3025 6039 9955 1283 8165 3137 1458 9534 647 2943 3087 8880 3277 1379 2579 7338 4116 9918 8443 4350 1360
21 961 734 7861 6381 9563 7329 4761 2512 2915 9511 2240 4245 4749 4939 2534 4550 3824 3458 6419 325 7509
20 7993 8699 3572 4661 9602 8832 718 4228 2741 6884 9346 9309 8634 7157 4640 9120 9794 6616 5460 9472
22 1515 6952 9084 6654 3575 3608 2148 1727 118 5401 7743 4165 4688 8523 1877 9775 5363 7828 2623 3107 1226 8499
25 3667 6139 817 3147 9928 8099 3007 3565 1417 4202 8597 8729 9237 1566 5168 9470 1435 4961 6490 8724 8907 4416 8887 6458 3857
26 7229 6269 6418 3410 9544 5654 8323 5369 9297 5554 7927 9696 5701 8915 5356 1639 4326 9950 1106 1761 1217 7697 7408 9919 3234 6610
19 4090 8184 8981 4441 5279 9478 6681 4764 8755 3599 1130 7541 9211 7027 21 9048 5664 845 6492
11 4494 2429 7227 932 4626 1919 9365 2638 9484 9770 900
12 7320 2106 7846 3196 8328 4624 7575 5248 6124 1905 299 3626
38 6135 7704 3148 4437 3865 3403 6307 9385 6741 6034 4064 9738 7792 4099 1179 3062 2557 9657 4800 1904 9548 9583 3452 9667 1631 7944 6797 1740 9145 7084 4926 5731 1731 7590 2002 7527 762 8046
26 4414 9851 3891 1002 4012 8316 3979 8779 3474 2789 3894 9572 2931 1463 972 4754 9157 571 3423 6007 1403 4122 8701 3671 9792 8744
13 8586 1192 8235 534 3744 8577 9756 9371 6112 8526 5618 4865 5538
12 6189 190 9473 4885 2742 3773 2511 306 3848 4683 4729 6084
18 6877 1973 9879 890 6374 232 97 8170 1331 3582 3001 8997 1131 8825 4040 9891 2888 8654
29 2520 9274 3510 3396 2305 4558 5678 6380 7874 120 7558 1464 7312 1937 4335 2558 4541 7582 1790 8570 9021 1548 4509 1187 3040 2870 8722 3120 901
28 4537 3067 5466 5089 6206 3334 2787 9705 5267 5428 8037 8984 8951 4658 3222 267 4932 5164 5564 954 5397 8964 7821 7056 5392 8837 5896 7673
19 1625 368 9269 5724 8725 8584 4368 2895 9587 351 4516 9148 3106 7052 2389 9201 8132 1120 9711
7 3104 1869 1240 9586 428 476 9380
30 6004 2118 9806 4502 266 6398 6125 7372 4356 1369 4327 8030 9300 7724 5473 8007 2882 5481 5992 8039 217 8097 8762 5772 5131 7744 7261 8269 6294 9829
7 6455 2198 2718 7784 5653 1478 5179
16 2074 6128 1955 152 4153 4482 8505 9167 9754 396 1686 9780 6583 5174 3032 3950
26 3989 4080 3490 2132 5495 9037 646 9035 8637 8876 9357 8026 5009 3997 9724 5569 3846 2837 9460 8829 9686 3801 3187 3330 6872 1022
35 277 720 5017 8434 9549 102 5642 2781 3493 4871 2180 2065 4105 5211 7301 3345 8616 4250 3736 8875 226 1125 7371 6443 4110 3485 7447 2367 8411 3109 3456 4484 3180 7611 4177
29 1363 1986 9654 2649 9392 821 2753 529 2054 7167 9209 819 793 5610 8935 9762 4576 9108 912 7317 3683 1128 6394 5302 7268 3002 12 3690 9753
8 5771 3073 3585 7323 9071 7097 1817 1452
27 6765 1628 4938 9042 6407 6255 886 2045 2377 9324 7817 3701 6589 9975 6047 8916 7531 9327 8817 9969 2282 7454 9455 1049 8358 407 4321
18 9869 7226 6575 9617 7232 6584 4137 5695 3451 7342 8682 6905 6515 9811 9560 9765 9391 3048
16 3654 183 6975 7726 7755 3070 9946 9995 6117 9413 4812 6914 8959 6339 6507 9259
17 4349 3921 3966 3370 506 1146 9672 3917 201 8341 7476 6193 1851 9217 406 2618 3836
20 1867 3988 5341 3692 5881 8406 8329 7398 769 3321 8913 6606 9773 6401 6690 6057 3688 1599 635 9776
12 533 8219 9345 1529 9699 5496 9697 8318 8405 2191 9834 5404
15 5090 6409 3066 6537 9645 7113 6391 7633 754 9027 3682 8017 1821 8066 923
19 655 2056 7884 2031 4007 2635 2842 4776 7080 3845 2535 7857 3086 8690 4531 1514 5817 3780 966
18 7230 2357 3138 1208 9718 3597 1666 1906 1643 3118 8381 8845 6760 8943 7290 648 5035 8942
24 3739 881 8118 6013 2216 7920 2835 9785 3992 9939 8471 1071 6091 186 4809 9468 6017 958 5612 8999 7228 8838 3586 5544
19 3008 8458 2507 499 8344 5619 8446 6609 6038 6728 3634 6611 7304 4817 4298 5659 6444 1881 6153
25 3602 2992 7690 378 3232 5344 5864 4096 6488 6716 5763 8064 8828 63 4627 9086 5277 5346 7892 8152 3698 6445 2873 3781 7467
16 1252 5539 3789 6222 7900 7392 4879 8571 9095 7565 8282 667 5399 8980 7906 4023
27 2881 2934 5650 6512 6580 461 8945 4270 126 9571 1668 2938 1136 4272 7195 5807 1486 8723 9308 3183 9051 3287 5749 1858 9614 8215 8543
18 3200 4050 3411 9179 7692 2333 9276 7150 2264 5962 9333 9234 3757 7090 6578 129 5768 1018
11 3578 8998 115 1521 5933 9440 1394 3731 5985 5665 8677
14 2261 4028 3433 3784 7456 3710 3425 9328 7967 1702 6861 1945 1119 5513
32 1963 3842 6438 169 7922 5766 1250 6784 7282 7457 7508 9073 8339 508 3776 3135 412 7327 4440 5863 9423 5022 2083 7328 1337 6542 7400 1437 792 2550 9567 8618
28 1430 5437 230 9054 2527 9758 5023 1029 6469 6948 3136 8289 765 4382 4917 6267 6773 7412 4077 7981 2046 9646 4271 637 5130 1801 3589 1446
25 6966 9761 9481 3326 2320 7916 6946 6223 6106 6396 8906 3508 1444 9857 7480 3804 8537 1397 4769 8299 4983 7343 8327 3128 2813
15 6526 1352 300 6062 993 2525 9882 2547 7075 8647 5505 7676 5474 1691 1887
3 6420 4011 8994
20 4914 2464 156 6659 4398 3896 4689 4625 527 9884 2580 1320 6129 9008 4030 4614 1350 5331 7219 6518
25 5751 8555 6805 6832 4709 8883 4366 1429 4533 151 1901 4168 6376 1450 2295 2365 7835 8663 6050 5030 6384 6789 8168 1732 9430
20 6480 8379 969 6925 2901 3862 8814 6699 8492 5878 1827 3178 4881 4004 6144 6100 2222 5657 5252 1284
25 7816 967 7493 215 9089 4060 7262 4805 6308 2995 5448 344 8068 2022 4026 28 6224 4934 6950 9010 5177 4904 3613 7405 1878
24 8595 1412 8075 4117 929 9881 7220 83 6389 1525 50 5966 1678 3506 9991 1383 5946 5912 5328 5570 3023 2843 7537 2224
28 4873 8290 9011 7666 1010 9485 5711 9639 9229 8721 8470 7386 9403 7571 4674 7797 2201 6531 9624 3728 8931 9669 3716 9215 5978 2139 2103 2824
27 375 9550 4355 1667 9516 3461 7903 9028 5176 2854 5171 7028 2012 6299 6568 4565 9032 7589 7538 4237 8704 2226 3797 5072 9454 8375 4277
13 3696 74 8715 1197 4575 9612 2866 3923 9739 899 3132 5953 9690
32 9313 2356 4637 2559 585 9187 19 3555 9291 8449 7129 9463 9685 4255 782 419 3636 3991 8766 4645 3459 6896 2455 9810 7387 953 1382 5519 6176 7592 8504 8727
19 6252 5815 4119 3624 7267 4880 6601 1772 9293 1648 3998 9302 5385 1333 7382 2816 3388 7713 4399
27 2278 7709 3294 1605 4781 9864 9496 4756 1051 5658 9361 1461 1008 8495 8632 9732 2363 3884 5051 7964 4041 7718 9007 748 9396 9227 5175
32 1305 6807 3869 311 8950 7448 6446 3554 5670 2156 357 7197 1255 4473 2236 9989 9604 611 6347 1483 7842 2978 3977 3604 5846 973 1091 7450 265 587 9931 4841
23 5405 2809 599 178 2179 3854 7830 5004 2956 2299 8304 8872 5733 3521 1895 7780 2701 6769 7170 5960 5048 535 7214
4 2797 5809 2343 5903
9 2360 5014 8506 872 7818 7836 2145 165 1972
10 9763 5634 4771 2827 2460 9129 9558 2794 5688 6533
22 8243 462 2972 3231 7045 93 8960 6085 3968 8992 6006 7273 8668 2699 5200 8041 8472 2088 1682 6514 1961 2564
25 553 5824 1364 4594 2 9694 2218 9292 614 894 7018 9855 7852 4609 6095 471 9521 783 6702 4273 983 1758 9781 1247 6111
10 7759 9202 177 2602 5526 9394 6120 2802 280 9287
21 9846 1081 1220 6067 6674 4561 8125 1747 385 6130 4114 9621 8924 5820 4797 148 6881 4079 4678 1966 4446
13 9109 1634 1863 9497 415 9000 7515 5700 387 8494 3657 9652 7909
35 7648 3786 4826 7085 4587 6357 9182 4396 2140 4024 1297 9482 6056 5120 6134 8576 6719 5921 319 1203 7247 9096 7786 781 6233 6754 6599 450 3019 3681 7288 6817 6285 1510 2090
15 2060 3435 2706 2852 4031 1768 9584 3308 5314 4211 9395 4491 2048 5975 2223
21 8485 8801 4113 2498 5031 3316 991 7599 1011 7674 80 619 3960 1183 4215 6421 4015 6080 5476 5855 7115
6 9044 389 5272 6889 8556 4197
26 2519 7109 9799 3462 7211 9207 4807 1142 9527 5310 5135 5364 3661 4299 3980 8360 3356 9076 9193 3465 5773 7946 9971 603 8463 6300
27 7010 6237 1725 2023 1392 5163 1282 4279 4549 924 2452 887 9348 1310 9653 4169 1373 2707 4589 6166 2255 6779 8696 3702 9990 418 8377
6 3775 5622 5579 5219 3765 9377
16 6639 7134 8782 9809 2885 7383 9839 7142 6935 2149 1490 3942 4324 1374 6322 4716
31 9314 9180 5866 8529 353 7193 7414 2479 4777 9917 1389 9077 4219 5929 294 9605 7032 8600 5151 479 7959 8166 8141 6358 221 7953 2752 7702 3480 472 9721
8 5156 6182 6814 92 7263 4798 444 6544
9 8967 6349 3902 7851 7526 2249 5432 1173 9759
13 6198 5716 4829 2548 2518 4990 2729 8160 4278 7474 6178 1298 7147
26 8642 3205 3181 6930 4866 3798 5040 5959 4690 2765 2850 6612 4878 4960 6264 7264 6990 3348 4946 6256 6049 4162 3214 770 1341 5848
17 3368 8629 1260 4635 2000 382 8151 1942 3295 4477 9533 8199 6556 4235 6687 2229 6018
15 8854 4171 1733 8272 2107 1799 106 4515 5256 5801 5559 7217 7802 2960 6517
8 775 2108 1257 7037 5901 252 3450 4941
23 5234 8194 39 2314 2368 3851 531 1875 384 9310 8733 3526 2182 1526 9332 4578 3792 3819 4918 7289 3914 2554 8770
26 4679 3338 5830 2453 2874 8904 9833 4067 6774 9079 4102 6726 4210 2772 8944 3100 5609 4943 6334 3642 669 8726 7723 9311 4962 2658
17 4493 8421 3418 4792 3648 7769 8659 4227 133 9784 5042 6823 5943 2700 2099 7766 3617
19 660 7041 4300 8804 1864 286 7729 5709 2359 8936 2844 2500 4945 4956 7995 4242 9787 6644 1929
10 5603 523 1589 9720 5070 5317 3635 2447 5122 7773
12 6188 8631 5394 4669 6452 2713 5548 6600 8702 5640 1427 6534
13 6172 883 6850 9272 1061 8320 9126 2976 8396 7824 9168 6113 8905
25 9625 2916 3057 7203 9948 7169 4139 6989 1338 8134 862 9968 6447 5041 1882 4632 9665 6988 2499 3957 8455 5845 9608 3723 2845
23 2207 1263 6484 8742 833 847 9593 8136 6366 5792 8833 959 6560 2612 1413 2494 5871 3886 9154 3809 3310 6603 5571
38 9675 187 297 7064 7156 5808 7810 1227 8892 6767 2523 164 8085 8302 7210 7271 4773 5228 5411 4828 1834 4371 3573 1516 8961 9132 6712 9506 8958 9663 6099 5515 9956 3415 3525 5296 9568 818
23 8996 2330 2228 3574 8063 6059 256 7222 4526 4259 7449 2903 5850 6028 7030 7385 488 644 4216 56 296 8279 1645
10 2110 4784 1791 7422 6301 4093 6292 7556 1140 7204
8 425 8229 7120 6987 2375 7645 9658 7206
13 8257 4767 2989 1911 7440 37 1688 8383 2793 4647 8627 1781 4557
15 4965 3859 7659 8502 6939 8334 7610 735 5183 6763 8679 9862 7310 5811 9304
21 7143 6181 698 3292 9902 2274 1885 801 1053 6174 5468 6714 8248 3695 5696 1661 4284 9494 2133 5293 1038
8 6197 1785 9223 4052 3488 1408 4695 1552
19 6121 8444 6386 7594 5523 9790 3645 4330 4198 5747 829 9535 9047 8095 2310 9818 3576 8508 4432
20 5632 3044 4772 6581 732 8920 3747 484 4039 2889 9500 1317 7652 4676 7597 7563 3533 2094 4193 1300
23 117 6412 4687 7399 3281 9935 8559 3826 5402 3426 7867 9282 3640 493 8823 7081 6238 3028 1327 3153 7586 2704 1619
16 9744 3050 5291 7535 1168 6886 8296 8665 2043 7425 9779 1420 1746 9704 6591 6993
14 3580 8420 5649 8493 8768 8189 1123 1787 8788 1962 2322 8717 3644 6273
32 4758 29 8102 580 8179 3333 2748 5049 3276 957 1835 9557 7576 9353 9246 709 2076 4038 9985 5374 5298 3158 2331 238 5435 3035 3787 6302 3069 7311 1507 980
29 7957 474 4842 1560 8520 8086 2967 8459 7411 643 4686 9980 7770 5107 7914 3796 6436 4634 5722 6775 4639 3981 8365 640 6487 1149 8251 3504 8308
4 7716 8231 8969 6960
19 4877 1323 1512 442 6849 3666 8575 1627 9419 7315 8970 5995 7082 7532 3811 9408 7520 2740 5059
18 1888 2949 4379 6361 3918 1609 3236 4428 7325 9997 8311 5047 6918 9115 3871 4185 1055 8013
15 3156 3103 3693 1735 1489 9267 9890 6786 9925 9999 4898 1118 4996 5110 4803
21 1005 9581 6649 7088 7561 6656 9820 2942 3249 2904 3029 1013 2585 219 1693 9900 8192 8332 4886 5661 3745
28 4948 5721 2166 9815 6454 4016 6425 1201 9926 3930 6333 3215 9190 5006 4957 9524 9242 974 9856 3282 7841 8230 5813 3359 3771 304 2252 3274
13 445 5693 5027 7711 6044 4959 6912 9967 6932 4457 9480 96 7972
17 5858 3208 8376 9401 4980 9045 9640 9382 1655 6503 3263 3477 7248 482 4400 4623 9954
14 2384 7962 5729 7782 9597 1782 2739 2749 9384 4310 336 4641 8441 383
34 8509 2828 3245 1773 7116 661 2957 8848 9845 9289 1977 3785 5112 4224 8058 3818 1035 4638 8697 8234 6837 6826 1976 654 1244 4732 4982 7997 7568 4760 6944 2318 8684 757
14 4984 9852 726 4084 9702 1910 671 3807 1777 560 4481 2187 2246 8303
26 394 1194 8932 6021 5917 5263 830 2657 4503 4696 1098 9195 9923 2810 777 9062 5810 2561 7461 9841 6352 3484 4925 5068 5652 9336
25 8024 315 2711 2928 9286 4910 601 1580 1527 9871 100 9874 6969 9678 897 7764 9641 1294 8544 1692 1292 547 543 4076 2430
28 7318 6780 8783 5227 3409 5727 4706 567 6536 168 9633 245 4291 128 5584 5783 7034 7364 3058 2804 697 5240 9441 658 8428 1818 1603 7809
30 1113 8055 6493 9768 2791 4164 842 1630 2838 1647 3537 8940 2654 209 8051 279 3568 7547 2733 4234 94 5936 1926 8286 1694 7485 8221 6761 1829 3380
11 1406 2123 271 7779 9813 7935 5715 1027 5108 9005 3713
20 6199 3160 892 2963 1030 5034 4717 318 9708 1096 855 7054 9786 3076 8497 5883 1680 2820 8939 8171
4 2603 1492 5991 1546
9 5875 328 3024 7804 8853 5754 9404 1793 9910
17 222 4894 9003 6160 5343 3005 4788 3629 4225 4223 4260 8728 6842 6155 5480 2049 7559
11 7553 9087 5517 6192 5983 9609 4203 7983 5232 7496 4383
32 5359 3329 1090 7638 3108 210 856 5892 6089 8806 3839 8511 1960 6638 3699 9378 9643 3082 9092 8067 4106 6928 7178 6688 2965 6673 9961 1663 5647 3620 5127 8648
21 1883 1170 7198 2714 7357 6164 5562 9988 9554 2715 3379 4397 9244 2868 2779 7721 5412 3769 8751 6768 3185
33 5113 2006 1530 7677 1564 4794 2539 1474 8073 1325 40 5372 3799 1523 3952 8688 322 9664 2796 2189 8475 9437 5117 9674 1517 9719 3922 8409 6212 3115 616 7 7696
29 4200 5996 6410 9320 4920 7698 1460 2352 9559 1613 9620 5221 4629 9659 5353 1673 7728 9352 7583 7624 4005 8885 2521 5438 6693 1195 3860 6022 231
13 8890 2911 9822 4152 4265 121 9791 5320 7898 4968 3954 4883 8622
24 6745 6762 8990 6251 7501 907 6619 3285 8638 9783 6116 7354 6709 3658 5707 1216 6145 2030 9196 4916 1141 3440 9243 2563
16 3055 8342 7657 1879 3358 33 9181 7932 4998 5202 7138 3344 7481 7238 8861 1456
18 3384 7319 4720 4410 5500 7686 3414 3866 5699 9186 9648 2307 1133 8082 9895 424 4332 7834
17 8792 7347 4345 9230 4915 941 8985 2092 4333 7530 7079 7591 393 3662 2786 5588 8098
15 5440 6961 8675 5381 8227 712 6464 5095 7402 8423 5592 8392 6011 20 2509
10 6851 7355 3748 2268 686 5827 3959 7646 3013 3861
17 8979 3291 7626 4217 9566 9428 9687 9258 3955 7753 8238 3505 9747 7977 6676 8333 1207
8 7104 3849 7768 8803 1399 8397 5362 5758
29 6053 7249 7572 1524 5920 3022 1223 254 9992 8110 3466 9767 7781 5527 4188 8621 6375 6504 4454 4360 8242 595 9603 2066 1124 5128 3427 7039 89
22 3430 3541 2973 6711 4863 4003 7434 369 7778 1695 7139 1606 331 6964 4504 7544 1172 525 4269 8202 8971 5836
21 8978 6756 1206 7630 2596 8291 1854 9245 5078 1575 6423 4151 132 6592 7803 5459 2671 1683 6087 6750 2840
15 2147 9104 7465 1503 3740 9579 6548 3300 1846 6167 1302 2936 503 5742 8789
16 6296 4867 1177 4207 8609 9655 6474 7682 6261 1143 9147 7904 2689 9865 4931 3984
29 530 4848 6265 6220 5816 7479 6272 3373 1232 1504 6247 3685 9837 4470 8687 6043 8839 914 9592 2334 4357 2267 5789 4766 7989 430 4790 6010 6539
6 608 364 8846 6432 6429 6143
26 4833 4109 6202 5025 9735 6399 629 7513 8843 8987 6806 9709 776 1468 8593 5166 8851 9094 5980 3431 8183 9656 7660 3014 1185 3413
24 2642 6718 4048 3323 2841 9490 6963 3434 9488 72 6572 3822 8781 6899 9814 1158 5736 9591 480 7888 5159 9432 270 431
15 3779 6327 4421 5170 3759 649 2776 3867 4853 2541 9169 2114 4286 3637 8275
26 9469 409 5626 1792 8989 6749 4115 6652 9457 9238 5074 990 4988 8018 2042 6509 6564 3242 9415 5337 4391 8295 6941 1813 8623 807
32 6804 3092 9316 4703 5686 4782 241 7239 9710 3879 5329 6146 8991 6915 6824 7345 1368 8427 7107 5726 6926 5826 5419 8050 1825 1585 5935 1153 7623 8123 4501 142
25 1970 8868 8309 6927 7086 7785 1436 6648 9064 408 6953 740 1690 6234 3834 7839 2443 6314 2308 8452 3337 5508 4719 7002 7307
6 7975 4665 3557 3833 853 4887
20 5307 7882 657 7762 6746 8159 2174 8218 9479 742 8813 8325 5595 5010 1540 1285 5950 1615 2815 8120
19 3821 6836 1830 6879 8172 6459 8307 6508 2708 1616 2925 9443 436 140 1398 9059 3863 6311 7641
26 519 1209 7928 4307 9752 6607 5424 2313 7455 1353 9670 864 6208 9487 9920 6082 9849 9880 8115 7419 9994 2091 2325 4500 9489 8345
35 2061 8395 5445 5245 9974 739 8029 8274 615 8614 4940 1324 1913 4150 9951 463 1886 6081 6880 514 4543 8691 9688 5785 4997 4751 8500 9438 7221 163 8891 1542 4747 758 3349
21 2782 4830 9751 1346 5375 9475 8164 3085 2011 6345 1532 8610 9159 3194 6064 7529 9911 4582 2471 6846 3367
35 8351 2399 5212 596 2338 3502 2497 2072 7628 6757 7245 3278 6983 8403 7570 52 8863 5116 7500 7893 5118 9588 9502 5831 4598 4075 7869 5311 7300 5119 8884 1082 4348 1080 5029
15 1804 6430 3475 2171 9263 8182 5730 1296 537 5872 8400 4936 9119 6097 9914
27 8382 7557 6984 4615 3958 1550 2686 9158 1891 9722 2290 3141 122 6604 3511 3391 3532 808 6554 8815 2425 750 8895 8893 9555 3664 9860
28 5744 1251 7117 457 7373 4233 9804 4673 4376 9628 2467 4854 2969 8259 3487 6856 592 8954 6847 3353 1166 9398 2795 6782 2238 8552 7251 143
28 8448 4020 8856 6903 9712 5382 1587 715 8237 4930 5582 8692 5452 4322 536 546 2906 7517 8974 5930 6489 5206 9755 1847 7751 7390 5044 9013
13 2538 8566 6377 4183 5781 5283 7160 5987 2175 4859 6976 4580 3517
10 4875 3614 7725 7573 4851 1370 5947 4222 4581 1626
12 6115 3253 3471 7911 9649 7013 9601 3198 4757 5599 3856 4241
20 6547 4973 5660 2235 4328 6009 6910 8918 6857 979 8460 7510 2269 6227 755 5895 7192 4142 343 2993
14 7236 2537 5668 3544 9118 9769 7246 2900 1601 9002 5182 674 1048 1339
26 4094 6263 2008 55 768 9503 6450 8713 7574 5887 113 1838 7379 1762 5099 7137 8281 5572 1161 1822 7603 6373 4192 1087 7393 8196
8 135 956 6475 2440 656 8306 9736 7524
17 8816 9562 5719 1729 9832 8671 7284 8418 8619 3837 6770 2940 4049 6073 5046 4650 3064
27 1997 9613 2856 982 3993 4544 4409 6094 9160 4701 7276 8491 5565 6213 9553 9594 6320 3256 6310 4974 6954 9898 6250 70 3730 5264 9123
18 8271 2324 7612 7287 2531 2297 8599 6363 5199 359 8356 5098 7395 4967 6978 60 3140 6917
26 6922 119 6771 4141 7174 7548 7043 7663 4884 4111 8746 1756 7879 3473 6312 2757 2396 7875 625 7022 5916 123 1760 4702 3355 8000
12 5732 5662 2551 9134 617 2754 9632 7208 9106 1709 8108 8596
11 3875 57 4411 9465 2725 1952 1739 6631 1764 8319 2897
12 7172 9164 8042 3051 6133 4913 7924 8324 8533 8245 9188 6686
26 6012 854 35 2355 9561 876 826 6885 7266 5692 1820 8169 7627 8764 2994 8469 7644 3039 1957 4212 5551 8468 5494 2764 8501 8054
24 4705 8831 2981 3583 6290 4266 2501 4489 5770 189 9233 7549 2569 7969 2437 9414 9966 8716 416 7771 3762 5524 9198 4474
26 290 6498 823 8445 5557 5593 6462 2634 5301 1561 4651 9725 1971 5590 6140 6071 6175 5056 2361 4534 3189 9277 2277 2650 6019 1083
23 4733 1491 1684 753 6523 8761 7275 4832 3173 173 2398 7790 8749 4902 2428 5800 6972 3383 7059 9932 4741 1935 1343
11 1186 4657 4021 9130 9576 1117 5105 8534 5694 2212 6063
23 2896 2470 9429 6023 8419 7564 8956 7811 2984 6833 5529 6262 9337 3331 105 9519 6520 927 2855 5597 5149 1495 5225
23 2382 1102 5952 1182 6098 5451 3673 8450 7823 7866 1016 8525 4816 4715 8393 5191 8871 6074 6841 3882 879 8430 6371
23 3375 2442 2077 6392 6132 3524 908 9444 9101 3124 6033 1946 160 8336 8660 7497 5762 242 3558 5842 5889 8350 1658
3 7444 5103 9693
13 7277 8236 2639 2665 3169 8413 1922 9642 7181 2606 1837 6350 7348
21 8747 7494 2825 633 1256 8401 6909 8827 8705 4121 2977 9017 7294 5033 4086 3832 6499 9599 6242 6258 9545
21 3972 6538 8112 2919 5457 6643 6268 7256 6331 2052 8741 275 5919 9426 3660 764 4275 6158 8908 2326 4129
15 2181 9538 992 2930 1441 4006 9058 6696 2987 1812 8174 5806 4972 3956 6919
6 3047 4652 4065 3216 1844 7223
11 1949 7840 8188 127 6597 4824 7757 4301 9638 4268 4186
24 8155 4372 4607 4485 3669 4147 6800 130 2924 9268 1308 800 9080 9330 8061 9578 7094 3248 5750 673 5198 763 7017 623
14 5352 6647 8038 4344 9228 8431 7865 1065 909 7750 3212 449 7015 7825
26 6173 9737 5260 1466 5684 6921 7009 4989 4858 2047 4512 3587 1017 7292 9235 4009 5378 743 8479 2604 9745 8482 5024 1641 6853 2880
6 8071 6521 8461 3042 2410 7283
8 1465 986 6871 4555 5803 7837 7684 9520
23 4659 9033 91 2473 3901 8407 9611 5879 320 5420 3142 4730 5851 264 784 2643 5148 2157 1611 5436 3928 8877 5439
3 7253 5409 5982
7 1496 6274 3190 7613 8278 7042 2865
28 8367 4713 1509 3949 8667 6839 9789 695 3498 8993 806 2213 8361 2611 8297 8643 1765 3186 426 4928 7241 4896 9369 3522 2853 7100 3820 1950
12 8167 9019 8794 3916 4763 4303 262 573 6992 1677 1127 7731
5 1381 4492 5898 6230 4325
12 3513 5087 2875 934 3621 6451 4667 744 5909 7125 5114 7482
21 380 175 6579 6882 4775 6898 624 2546 9424 1316 7960 4262 1063 7486 7980 3179 787 1849 7189 8087 4091
21 225 772 9546 403 3530 7066 2241 6970 9734 3150 7352 5326 964 1577 276 2481 6664 3305 1809 6191 8582
11 6694 666 3691 3802 395 8440 1959 6830 5416 5979 8572
11 1776 6541 6663 4143 6916 6965 7849 8574 1105 5478 3755
32 3371 1040 4536 1438 9698 3564 9305 7141 2788 7864 5161 6003 7546 3366 1422 5123 7876 6672 3077 5914 9908 4175 9953 960 5784 5454 79 1086 868 5414 4341 5244
17 2247 1993 1269 6424 7020 977 9251 4600 9379 8467 9606 7639 2890 2594 1301 8862 8611
24 9913 8310 9078 7662 9795 7941 5001 5630 1073 2431 6622 7130 4486 7358 8186 5671 2097 195 5797 3595 2188 7374 2905 4319
23 372 9216 7862 4078 8780 2393 2898 7679 9983 5061 2154 9644 9978 1249 2035 5274 3026 1927 5373 4978 9281 131 5111
24 7224 9030 780 1233 7994 4088 6280 5422 2966 9647 1110 7730 9321 6883 5019 7886 5925 5999 6027 9049 9827 2353 5037 3275
28 6875 3129 4507 9947 2927 9065 66 7445 5366 7847 1281 6680 6042 3429 3201 8010 7815 1590 5276 1704 4753 8349 598 5714 6723 5485 3378 4018
25 8758 1908 417 9046 9556 326 8224 8486 4123 3315 5470 5050 9630 7622 6235 5905 4218 8625 30 9807 860 1788 828 8641 1805
25 1992 84 4098 6794 9733 1860 6747 5332 9972 6727 4768 3428 7856 4459 2044 7615 9812 8911 7992 1549 5703 2617 2251 5138 5545
23 303 7463 2912 1833 1815 8965 8873 2041 260 1924 4870 9170 8513 153 87 2392 1588 9301 7337 7566 9296 224 5944
20 6123 699 902 7346 515 7534 4415 3906 179 7076 3927 5644 5162 9212 2968 1602 8554 8669 6840 8138
22 6329 1024 2784 2422 9137 8157 9757 8338 507 6739 8368 159 1355 6000 5837 8772 6962 9375 9407 4699 2417 9868
24 7512 5487 5746 3601 5856 47 6360 3947 8348 7309 2394 1348 3220 4365 2745 5002 7805 4710 2160 5511 3116 8592 1445 5573
23 3527 109 8020 5060 5743 2143 2401 8425 9805 1803 9634 3915 2945 6318 3155 9041 8483 2878 9660 9921 3733 9312 3931
38 9679 1097 3607 8204 489 4601 4346 6783 5860 4511 8477 1784 6485 5335 1372 549 9981 3663 8546 696 2340 2817 6637 5430 1277 4229 9998 1624 3978 9323 9875 4518 7215 9942 6045 3369 6701 9993
24 607 3117 2675 1738 161 5514 7145 2395 9368 7971 235 3823 8841 3472 8810 9760 2692 9887 1295 192 1868 8001 729 4305
34 4630 2780 5712 8059 1054 5069 6338 1508 8938 5764 7665 7712 3174 3269 6378 4343 2762 4681 3339 9009 5215 8860 2202 8197 1753 1291 7216 6468 5677 5575 58 1174 4057 9061
22 6402 4318 5043 1862 3531 4498 5160 5838 2192 5608 3507 2693 5336 7908 2027 6388 6666 2454 78 2113 8374 7833
21 6069 1500 4405 1311 7191 454 4074 774 3674 8822 578 4847 2832 4465 576 4735 3612 6524 3063 2529 4013
17 2578 2275 7829 4130 5907 4642 9141 5305 4394 3874 9213 5233 2478 7653 7872 2137 8730
10 6031 3936 5531 3412 2902 4691 955 6827 8276 452
11 4704 422 5853 9842 5238 3790 9288 7812 5340 9607 7061
10 3622 4895 4353 3561 8826 2636 9139 1783 22 492
13 6630 4532 9319 7987 7516 5583 1810 3241 4276 9083 2517 8852 7760
7 379 1660 485 3436 6730 5210 1000
11 8711 4449 3317 3261 6865 3592 4770 9963 1956 9906 7943
25 2783 2605 2577 8681 559 3717 1453 7492 9135 9800 9351 5635 7152 1933 7945 3018 1916 836 8389 9063 6667 7202 7758 1191 4158
25 896 9564 4744 2291 8510 6864 6593 5133 9023 4840 3700 4316 7584 3089 9551 6759 3481 5897 5469 1043 6317 4680 8797 7756 9916
10 6119 7438 1023 8240 2879 6626 8948 2847 1701 3184
16 4742 5235 9514 9121 7703 1262 538 1274 1797 7973 8321 5926 6295 5493 7951 3110
18 4525 8773 3221 1259 7620 5908 1541 6114 1107 289 2491 4564 7350 4570 2488 8226 5629 5275
29 4071 1664 9393 61 9901 6404 3579 5358 1734 5990 2681 4352 9826 9575 1391 5702 6336 9943 3847 2416 6860 5989 3447 9540 1925 6955 298 9909 3422
21 9888 5086 1315 7913 6815 2857 4101 4656 8617 767 7068 8048 1654 7377 3312 3246 2421 5697 2169 44 4795
14 4309 9325 8670 7854 8946 1915 1982 73 4239 5840 9764 6390 1210 8480
10 7693 4838 7359 652 5683 6999 410 7814 5390 2610
10 4724 1595 8033 1930 4317 9317 2730 4545 5666 1242
4 3539 1722 4923 8301
26 3468 1511 659 8820 3722 7488 7237 9112 4903 7853 9870 2560 1237 7331 1265 9173 5365 4375 466 7776 5942 5687 1726 1909 8122 3712
22 2217 5169 2128 4347 7316 9270 7503 2680 6679 1596 2403 653 4461 9142 4132 1362 504 6354 4723 7826 2964 9573
39 7401 622 5324 5598 5769 2869 7889 5237 3655 7446 9144 5303 8573 6316 2434 1494 4195 9743 949 7668 6283 8416 278 7505 7260 7800 7063 3059 8558 413 2347 1659 420 3125 9467 9850 1404 7024 5269
6 2126 1211 711 2648 4872 6190
18 1215 9466 2386 1455 7984 8719 9692 6586 8195 5209 1928 8260 1380 7083 2312 6271 7123 526
10 9464 8173 7732 572 691 1193 6437 8101 8953 1880
4 5516 4107 284 2591
3 9249 1442 8330
21 4593 871 2702 2543 7754 4892 4263 4942 7363 9899 496 9029 7431 5354 5258 2822 5753 5623 4697 8008 2225
29 4205 1245 4034 3675 4163 8644 6218 1700 2607 987 1513 8153 8763 3336 9431 3182 9730 8315 7625 261 5791 850 746 690 269 1254 3244 3347 9637
23 2651 376 475 9156 2270 7014 9574 4714 1531 2684 5984 1814 7006 2872 5625 8347 5673 5787 4707 9206 5368 6665 9507
25 6024 8412 2119 3974 1944 202 4964 3432 7749 2294 7735 6282 3900 968 2433 7378 307 4611 6546 937 5637 4700 8941 9131 7349
26 1079 921 3393 7761 2260 8193 4654 6713 9143 6692 67 851 8927 6416 5145 9016 6878 7604 4462 5322 9615 7938 5591 4725 4951 6721
25 5756 2167 9199 9075 4404 6305 3199 1638 3754 4566 680 2370 6180 356 6866 2719 4856 4612 1848 7540 3254 1696 5224 5828 3238
25 3105 7567 172 3605 8955 6244 5799 2790 2234 5036 402 5502 2237 5463 5053 4146 5142 1385 3301 7168 6573 401 4911 4490 9766
35 5934 4618 6002 7040 2135 5406 3239 1273 9449 2184 9018 1443 4035 9701 3893 4312 4535 9941 3973 4407 8540 936 1032 9285 8473 8162 5389 4633 8515 2301 3172 796 3975 2227 4354
13 5885 1528 268 6456 7140 3596 9452 7948 7235 366 5857 2814 7391
23 4377 8518 157 6403 5304 9264 9964 8830 9232 2197 6938 6869 4238 3237 3099 5288 404 4488 4022 8606 144 3033 4783
18 6101 5287 3623 3829 1062 636 938 490 4055 3813 6868 5247 9727 9257 9184 7242 6226 3041
15 565 9349 7250 2861 7949 6171 3844 5745 2010 324 8255 9067 756 9552 6569
17 2465 3307 713 2986 2176 8394 4517 6810 7095 3926 1278 3545 4000 6595 2130 2492 3097
12 332 5377 849 8094 8228 3122 6808 4029 7843 3970 1598 9824
33 2316 2571 6228 5868 1866 741 6658 1984 2641 6924 9691 4387 7430 1651 1 1685 5187 2975 8116 477 26 7939 3594 9218 9949 9958 7539 361 9525 7053 8124 9069 6934
21 9952 4653 2907 4937 9355 4221 8512 8270 5165 2101 1703 2522 4510 110 1377 1903 4522 6079 8363 8503 9025
12 511 2937 8882 3721 8737 377 6066 1459 8605 8331 790 1288
22 3119 8191 2979 4256 9962 8263 3843 7370 7727 728 3031 1876 5675 2990 7072 878 6577 1476 4456 7029 7819 9515
17 5426 1896 1248 6163 8798 7296 7077 8646 2526 9322 9363 4252 7895 1225 7136 5705 8156
9 2556 8062 5725 193 2829 3127 4499 2633 1555
29 9254 2036 7190 6076 9265 4206 8103 5076 7873 5158 4834 6655 9163 9863 5032 46 752 9903 3223 3943 9518 4808 5339 7955 2287 1290 1958 4296 6342
28 88 5497 6277 1543 677 7965 2432 9626 3817 719 9421 8140 5708 8550 7507 2950 5080 9872 2283 6892 9339 2125 8753 5410 8044 994 7649 9203
7 8694 5045 7614 8968 8947 1823 939
24 3746 7103 4302 6041 2151 2319 3494 7605 9102 2834 6086 809 6867 6732 2588 8522 4010 6844 5150 5536 5964 6433 910 3514
26 3270 2323 7901 2661 6422 6618 6359 1199 7132 5216 3372 5139 4912 2063 581 1448 3944 4401 7487 7669 5109 4 2243 749 8106 6890
10 2178 1239 2613 4819 7194 9987 4698 9547 8074 6527
37 5970 672 6822 423 4008 9847 7799 6724 2944 8695 5082 7209 6615 2921 8366 3940 509 3293 5094 7921 4849 1171 4748 7788 9197 9074 8109 8626 139 3641 8714 9271 443 4393 9290 1730 8674
20 606 563 3770 4986 2673 2230 4588 9746 522 7144 5490 8683 2069 3162 4631 6700 263 1708 6448 3286
23 1189 1620 5465 4924 6821 8014 863 5292 2614 4236 3920 3873 3004 5257 4991 9959 2545 3600 4745 9486 9383 8581 6152
20 5679 137 7176 4032 3962 7265 7233 62 3407 2475 429 3800 5667 4408 6177 7057 6958 3872 1261 5312
11 6476 1872 6582 8901 6751 4992 6982 1275 4850 9740 9326
4 843 1376 9117 9536
10 3729 1706 3996 3094 6477 3523 7427 8879 3630 4577
9 2480 4969 2667 4528 9307 7257 1699 6717 1951
11 1968 9742 1644 1299 5941 2652 1842 9447 5349 2590 6753
21 8176 7118 5193 1779 365 584 816 6820 434 116 6778 564 8442 3670 1401 5938 5633 9373 5735 5147 8371
7 211 2288 9714 7968 9977 3012 6675
9 1101 8686 2121 6902 5306 6319 1322 2068 2528
24 9070 5847 7490 4062 6888 9103 5016 8432 214 2004 7868 4097 6083 7919 5259 2446 2336 8205 4108 1506 3571 7533 1001 7001
20 5861 2477 7629 3606 2694 9043 1501 1748 2204 2524 358 866 6894 45 4176 7426 5974 7424 7899 3749
