32 6428 719 1579 5500 9194 4349 4246 2795 8125 8399 1924 2512 3694 3278 9702 1059 663 7485 4867 5525 5166 2298 5670 4358 9133 8001 1810 2175 4388 6225 4435 2120
74 5968 3623 4655 1515 6242 8421 8992 1095 704 6007 9223 4969 3858 8646 6971 3711 8874 1427 6708 4163 9067 5192 3194 7267 3454 334 7429 6025 8661 3415 6701 1761 4602 5581 7012 9453 7053 3616 2757 407 2043 6807 2231 3004 2113 8900 7003 7127 2362 6571 7403 6468 8059 118 8719 1202 9849 1443 5445 6103 88 9805 6533 891 2737 9003 1540 2670 2969 8387 7747 8114 5269 4188
74 8492 4507 7638 7636 6363 2570 1745 3954 8074 5829 6681 1575 4053 1276 9391 5368 1547 8201 9565 760 674 7927 7111 2179 8627 6160 6515 2654 4647 569 2050 9332 8350 8507 9007 2463 7712 6508 5909 568 5346 3853 3662 8497 9297 478 2026 4742 1563 19 3738 3787 1922 1041 5814 5753 4324 2529 4449 2824 1277 6260 3493 2211 731 2105 9723 1916 4354 8945 7806 2936 7641 694
59 5798 8607 4494 6980 1247 8166 8481 8503 3149 4217 7020 2145 1597 5598 8615 2401 4817 8462 930 8791 2450 2674 3427 4341 5822 3865 8944 8652 532 3286 4101 4515 7838 6882 3798 4215 2811 6291 1774 6502 1517 6380 4113 1927 6146 8837 4704 2173 2118 8113 2344 776 2127 1355 9298 5544 1699 7657 5776
29 9532 3999 8656 2688 827 2347 1381 1155 137 2669 1372 2905 10 7048 1930 4287 8994 3940 8068 9001 7261 5609 2915 2481 7322 224 2661 419 1199
54 4473 7760 9764 1846 6425 6879 3656 9646 5675 9459 3867 3950 8872 653 7992 4250 785 2101 3346 6519 6676 7347 7392 8914 252 9338 8123 1301 3508 9500 4945 4440 2948 7554 8939 9490 4546 1314 2204 2220 533 2869 7681 9122 5539 5567 5573 1450 3244 7373 1729 1090 1432 5788
26 2038 5057 8372 862 7984 4568 7402 5185 7060 6983 2135 5423 1462 2701 5671 7691 185 7369 2310 4545 4003 8680 1304 2989 4032 123
1 3883
26 3709 9742 5160 9246 5097 5241 6245 7329 5942 7894 9219 1124 5151 9625 4639 3242 4231 365 5010 6215 5862 9885 3648 893 1852 5514
0
6 1473 836 2634 2630 1911 2507
30 6347 1437 457 336 5031 3476 5632 7986 4144 1961 6485 784 6618 8970 1004 7878 4395 7278 1306 6300 6163 597 3908 5297 1647 2986 2656 3284 133 1504
2 9832 1808
14 1587 5262 9692 6319 6720 4170 128 5377 896 6284 931 1293 813 1149
52 477 6150 1608 8445 2144 6657 8991 2154 7349 2242 2774 7541 9725 177 2961 2601 6572 3481 6690 7942 6918 3055 1589 5803 916 8426 1418 376 1170 8650 7844 6175 3674 5978 4538 3869 1351 6326 4453 2625 2726 4086 1164 3282 7504 5165 9938 315 2588 880 2065 2721
0
87 5254 3590 8039 4922 8590 8386 8870 498 108 6928 7864 8547 817 6910 229 5713 9719 397 5224 9302 7412 8569 5396 6874 1802 9327 8211 6795 1792 7876 1668 8358 5064 9247 7766 5811 292 6948 6646 6182 1188 6399 4918 6873 9552 2970 700 9325 388 3047 2593 4059 4893 5493 7292 9671 5385 9706 5463 5139 2449 6937 945 1478 9715 9468 3002 8772 1811 4681 3998 6324 6833 7746 2094 9947 8164 3979 4699 7852 8585 7424 8151 2587 1868 6246 7264
55 7400 6460 4823 1919 8956 2859 1962 6665 4180 3585 6892 2617 3894 5006 8762 274 1122 9483 4027 9046 2792 8396 4143 4924 8331 2208 9237 672 2676 9631 3947 8706 8811 7505 5615 1815 7121 1474 9476 2703 5950 575 2357 6762 3985 8317 4422 7474 2620 8216 655 4063 511 75 9478
47 6143 3807 9010 9261 5820 4551 8135 9668 758 6851 1391 9734 2110 8336 5389 7079 8271 7168 9801 4778 6004 2543 7444 6047 9313 7827 4484 298 8388 6702 9881 8542 235 8708 6002 7164 480 5650 6798 8024 4793 2371 9650 6264 5007 8096 9914
50 8786 9284 7382 9718 6785 551 6959 8851 4091 5815 5310 3582 5333 2051 5448 1659 5542 4252 6816 5188 1593 4137 8620 9107 8506 6562 6186 5146 9339 9270 1118 1207 1011 4130 7387 3507 911 5770 4081 5027 1530 623 4676 2315 193 3740 1341 2227 5186 2639
53 3491 602 7313 2607 9538 7222 9913 8971 6640 5113 7120 6092 4917 9612 3442 4123 3122 221 5499 9955 3205 9485 6902 6817 4454 4044 8004 4500 1039 620 5055 3313 3892 6183 5694 4892 5352 3635 858 909 6174 1885 3889 1706 2060 6438 1173 2798 1088 3109 3325 8684 4894
12 2523 4954 9422 8978 6626 1484 6969 8879 4712 8194 819 6787
20 6424 2452 7822 5336 7096 5846 5213 8977 16 9669 9772 4248 3836 1282 8454 8264 200 6296 3110 3431
6 9335 3559 1337 3729 5294 5795
8 6877 6124 4162 1931 7133 1471 1324 988
0
40 820 5777 7918 2330 7475 8513 6250 3951 5566 60 9268 5086 1264 8966 9874 7259 8594 5693 6341 9665 8831 5170 4642 5390 685 3654 3167 1883 313 203 4921 384 5818 6115 3926 4128 1063 8490 4756 5541
36 8099 8407 7545 3665 8983 9257 416 7421 1818 9019 3735 9817 8204 3680 4739 2024 9915 5867 4394 3556 6212 4672 5274 530 2846 2722 1692 1360 715 5420 5292 3134 832 5426 4839 3837
42 3464 6060 2413 8601 3096 8882 8942 2278 1571 3418 4106 3552 5331 9567 4305 3539 4879 774 5923 176 4876 2958 6645 3624 6080 6342 7523 9032 6761 1981 2567 9099 3041 8953 9164 4998 5789 561 4923 7805 2719 7688
56 6791 5326 5944 1691 9992 3643 479 1275 7230 6275 1776 6444 8697 7180 7621 4278 6551 3300 4621 9622 2853 3821 7680 4483 5100 1269 1849 9526 8047 5083 1524 9855 71 9280 3449 6915 6457 6757 5720 998 4883 6629 6861 4843 4509 2200 3184 1213 4572 4861 7826 3029 4220 3338 3691 1658
68 2218 73 1076 9242 8093 6167 7441 7960 3647 9084 356 2689 8493 9254 7784 5068 9921 5175 3494 9862 2897 9218 1934 5847 5259 8384 2973 5015 922 6772 8621 1413 6611 7564 9507 1511 8614 1161 5154 5419 1732 1741 100 8997 5778 9965 748 6122 6196 3053 8951 9205 351 3838 7583 737 9576 20 641 8195 8225 120 8402 2249 8683 4014 9510 7364
40 9089 8505 2153 3453 9833 6780 1701 9455 5075 6156 5752 7171 7757 4080 4819 5958 7437 2447 5989 4070 248 490 7684 6827 9946 272 3397 1078 317 9377 186 9181 857 9978 2812 9094 1875 9527 7652 9577
13 8849 3611 4501 7511 1896 3833 4757 928 1675 1422 1053 5680 2391
67 7176 1133 6658 5925 6866 6409 1127 8541 7045 7374 4241 8122 7037 3434 5488 8855 5198 3893 8334 1721 7258 9923 7859 1636 2225 3657 611 3961 3939 1886 6009 255 1224 1581 8119 923 6195 6957 7325 5676 5722 6243 5933 9744 29 267 2443 2374 1318 5624 8302 6838 1281 634 6818 6136 6660 2571 4346 574 3958 2850 4339 4685 3444 202 6014
1 3117
9 2292 8333 7570 2453 631 342 4208 469 607
39 6233 1680 4201 7503 642 1915 2539 1935 2066 5118 5874 3317 782 729 9959 8630 4471 5842 5095 214 8713 3886 1272 1828 2564 6079 8587 9487 1338 4842 7495 7366 4854 3365 707 9373 6825 6733 8065
47 9988 2563 4671 4303 839 7448 3972 2813 544 7335 1410 9224 3259 9967 837 9322 171 9773 5307 1412 6859 679 8679 4950 6419 8517 3882 7993 8398 7629 3545 8258 4460 7328 3146 5905 2390 9135 918 1494 4761 278 5356 2888 2658 618 6953
35 8794 7727 9110 7195 4591 3563 3310 6178 2017 6486 8509 9 3646 639 1070 6743 5775 7200 1616 2740 5013 8425 2321 8571 7262 8674 3976 3000 4253 364 7904 2597 2072 7595 3767
0
31 9111 1764 6488 7574 9820 2890 8952 3302 3560 3866 291 5585 1907 4009 1430 5714 2301 4975 1322 4387 2574 1433 720 4588 2132 6263 1349 6856 4401 5327 3795
23 6529 7874 1332 3933 7920 7736 8359 2579 9610 3542 8576 7602 9020 2559 8554 8343 5985 5725 9900 6203 6637 9784 9895
40 887 595 9709 2319 6120 9779 4618 6788 9512 7685 9578 8091 3230 2356 1687 3221 6694 6926 699 5575 3841 6293 3369 3588 4459 4688 4973 1115 2329 5729 287 8784 3957 7066 7178 7996 7907 4977 1363 3232
18 4210 876 4362 4270 442 2393 4337 9759 2170 6447 5507 7965 4963 283 6656 2582 8465 5723
33 2996 1512 352 8543 446 3333 1860 7449 8049 5263 2186 2914 9139 5949 4636 5610 899 4486 2591 2771 8423 7163 1620 1132 5403 3336 8573 300 1044 259 1838 1461 559
49 9930 6234 7323 8053 2323 9777 8651 8281 5022 4703 9851 5369 3215 9970 9545 4383 5249 7560 7949 9287 1929 4343 6749 6006 2882 6321 8223 9823 9276 335 834 2660 8973 4886 8457 4781 9225 5932 6583 8987 9080 9987 1105 3161 8548 7608 4771 7756 1766
2 8057 2198
38 9890 2156 7229 9136 1734 554 5966 5794 2228 9984 4 9636 421 2212 6123 738 3703 5683 4221 2748 209 3439 2541 926 1098 1310 1242 5189 1189 7036 9910 4374 4375 567 4425 2589 1103 1453
0
20 1566 1574 4661 8267 5383 286 8406 9417 2332 3772 7496 2524 40 7219 3932 6382 7976 2606 6386 3136
0
66 6790 2752 2555 8714 9708 9939 794 5176 8528 2318 1610 8289 9818 7875 5350 3035 3191 5480 7076 1163 4952 2923 8536 1303 8752 7288 3393 5962 1905 9326 4148 7013 8999 5880 803 7353 5628 6965 1216 7964 6685 9693 5563 1234 4102 7034 5995 2421 8905 7498 7714 5158 6688 4297 3988 806 3601 3207 9474 1270 1027 3872 1001 8443 8395 6422
24 4523 8097 9215 724 750 4805 8472 8625 6756 1421 3707 8910 768 4302 3033 964 2238 9380 3489 2562 219 2028 5440 5304
42 9494 7464 5228 5424 6286 9381 7233 7831 7265 4332 66 5827 4656 7676 6962 7181 1336 5150 4202 8016 7283 7573 5335 8825 7627 1755 3270 8557 6066 9536 752 3713 9025 7521 1428 3120 5280 1150 4866 6663 1864 8629
34 3873 9211 7006 8568 6154 3878 5941 656 417 2916 6032 3844 8234 5860 2394 6027 4323 4828 2232 1707 420 5343 4264 4691 3850 9720 8147 4882 7958 5828 1176 6187 4943 4351
48 3025 6001 4797 3681 9131 288 8841 6620 5826 9627 721 8575 6464 4076 8320 7061 7299 7117 6547 4758 5168 6331 8588 3069 7664 5659 4204 2867 4519 7355 7213 2276 1650 6010 3730 3321 2056 5504 7035 8667 6940 303 7425 1684 772 3666 495 3140
3 13 1143 6812
4 5513 6865 9204 7492
65 5482 4141 4065 5673 3104 5388 811 8927 8850 5898 2933 4535 7744 9079 4710 952 8549 3411 8108 7952 3722 8500 7065 4487 5315 2525 5278 7580 3320 1096 3608 8245 9793 1023 8931 5281 6581 4295 387 986 6298 5839 1853 1451 7167 1866 6545 4727 9852 3820 7881 7813 755 8233 4372 992 3337 7372 3617 5264 3526 1989 5180 1716 4646
19 256 8400 1036 2459 850 3953 4622 8193 5883 4694 7513 3871 4315 5878 8486 6675 5906 3603 560
3 7678 306 3153
68 7668 1373 8746 1542 5079 3151 8873 9762 9324 1549 9994 5133 7847 3379 7032 6354 5998 7941 3124 331 3849 8814 4743 2759 4633 8871 3684 8688 2034 7898 8210 5081 1195 985 3125 1623 9528 9922 268 8303 1733 3012 4206 6458 959 8923 9210 3309 8010 2284 372 808 2778 2046 1594 1800 8846 843 9030 9991 5960 7861 1559 6680 8180 4625 9700 1445
26 8858 5465 3562 9594 6062 553 5136 1491 8431 4458 1520 5696 906 9397 8584 4304 3443 703 8790 771 4048 1411 5159 1219 2280 9760
11 7156 4735 9687 5948 5317 8514 341 6480 2783 7162 2103
0
57 5070 9375 8760 6171 8214 6672 1002 9664 6310 6213 6993 6024 6114 9279 4578 4371 7491 7725 2006 6453 1832 8599 6518 6403 5614 8155 8116 1578 7433 8230 6691 6132 6219 5745 579 8173 6370 5437 963 3154 2340 8818 2953 8810 5813 8516 3796 5526 2008 3101 9444 4791 7294 5418 711 4659 6479
3 3857 8887 5666
6 6198 1785 5959 2586 2234 493
46 4935 3902 6956 6982 9688 5952 5475 4088 3501 3316 350 2384 8327 3907 1631 4393 5478 6105 2096 6446 107 2797 7592 4444 6740 2061 7765 3774 9420 995 7071 7039 1723 2647 3982 2389 609 3584 4601 7005 5072 4167 3458 7622 5982 650
65 5066 2236 7381 7637 5682 7910 9272 2908 8022 8911 5739 4348 7078 3304 1971 9442 2835 8917 8260 9087 3606 1444 9616 5565 7758 9047 4623 9040 8226 180 5554 759 7624 7710 1970 4159 6894 1356 4154 9638 8508 3861 296 11 8739 828 4468 3426 6782 8555 6325 8110 6181 8244 8658 8916 6029 3931 6496 7194 5204 5273 4539 3143 973
12 3715 3130 2511 2320 3105 8369 4127 2325 1988 8824 322 3839
28 6423 6669 8246 3775 548 4751 3312 3987 9128 2195 7528 294 706 9963 4183 941 5742 6615 1253 7931 5425 1089 3330 5501 7068 5791 2416 683
56 8141 1999 4322 2823 5030 9740 9288 8504 182 9104 3383 502 874 7724 2573 3518 2767 8530 6922 8766 3186 4627 6411 1414 8442 5446 6205 2794 9362 3465 8235 6328 7468 4289 7024 871 9093 3144 8325 1256 6914 8222 2044 2878 1262 6471 1771 6450 6846 369 1736 1050 7438 1645 905 1803
0
37 6729 2365 6992 6093 1670 7394 9797 8717 6459 7161 8063 627 8765 9241 6985 2295 971 4313 6299 1804 5138 3854 6309 435 5223 3192 4630 4562 4931 5523 1248 3398 7614 8617 452 6590 2502
67 586 5919 7662 8453 2830 1824 7047 8657 5492 9202 2418 8733 5855 1554 6073 4227 8418 2569 9540 8913 2637 8365 9892 3558 2158 1882 9457 7869 8476 7955 525 2799 718 1309 9654 8189 4658 7459 7388 7682 3700 9902 3801 8475 5299 3102 8370 6617 9471 7510 608 8086 4333 1384 3497 7530 2363 6489 7897 1686 4884 1287 8219 1820 448 3826 2681
30 3256 4634 2864 534 2241 6461 8969 4169 1407 8949 1863 7650 5724 238 1042 5201 1344 4550 4205 5312 1609 974 5071 648 9012 3955 8666 32 57 3895
74 3016 526 1753 9360 8364 4878 6610 528 6765 9732 7253 460 6973 9123 5226 2633 8693 9629 5360 682 8756 7605 6395 9745 8249 841 7046 2538 7135 2909 9771 2522 3484 4019 9703 4316 2780 92 7620 603 4098 1482 9177 1171 2251 2015 8759 2206 7750 5174 2411 2070 7143 6853 3433 7083 5288 8856 8452 5871 5004 3294 2074 3699 8838 8308 2618 2718 1393 5215 6397 6269 2810 9724
52 2699 5441 5438 710 6137 9501 9824 8149 6591 9359 1894 2741 2283 8031 1840 3499 4492 1376 2975 6110 6487 8300 9783 4853 9911 8692 9711 8301 8181 3924 6108 7818 520 8962 7998 3706 3141 9277 7125 7923 9642 205 2345 3226 9383 7997 2594 4585 6898 537 5674 5921
3 2849 7136 6885
21 8912 5879 9260 5749 4857 161 521 822 3490 1585 8448 7237 8228 3404 4512 2493 7841 9782 2528 9799 5987
27 1274 7594 8157 712 8789 3374 9661 8084 3687 2885 6828 7386 2308 3173 7435 9869 6722 7174 2829 5481 9188 3285 6179 496 6576 5193 6091
4 8450 7418 295 9151
54 3169 314 5334 4807 1816 7309 9236 8052 6925 8699 7151 5020 3757 3292 6868 8266 35 4514 3479 956 1440 8718 6393 1012 36 4190 4457 8904 5568 5397 7761 21 7753 686 8335 2520 4599 5817 4617 3941 1662 2369 5443 3672 7307 635 2692 5806 1781 1950 6938 524 3142 6035
72 3288 1125 698 8143 4318 6889 7699 8906 1123 3283 9097 2801 8368 6622 9407 851 3040 996 9182 7240 4017 1602 1532 7304 6412 3262 8602 6191 872 644 5106 5395 8604 9739 954 6878 9160 861 9367 7130 2010 5202 9729 6226 6930 903 6306 2568 6512 3293 2488 355 5799 976 8817 2871 1065 7420 1251 6642 346 2875 2117 9945 6560 9934 6360 4532 6358 587 2716 503
56 2417 1752 9727 8432 1956 1531 6754 2 5751 5128 5534 7985 1600 6313 4005 3851 7203 6500 4795 4597 6128 4377 2409 6274 7316 6535 1871 5355 2009 3229 5035 1419 4443 7009 4376 3095 1056 8094 3502 2165 9002 305 4120 7018 815 981 4737 7630 5242 4191 5340 2521 1903 3414 329 3115
11 3363 8299 3704 3247 9117 281 3781 8324 9120 1380 5182
4 3334 6135 124 5823
19 6536 5449 9318 1447 5719 464 1580 859 2844 1227 7166 3607 2616 2400 2075 2781 3829 3554 1508
36 8279 6228 1137 6448 9424 254 6565 8996 7236 9551 1845 9641 3549 1582 1116 2023 3768 2180 1528 6886 6109 9379 3022 6579 3224 4783 2405 1786 6222 3014 253 2706 7850 5930 2157 8670
33 883 6361 2322 5253 4799 2542 4055 6847 5474 4040 7257 6893 4988 4914 5282 8686 7740 8137 831 1667 7088 917 5214 5924 4750 9140 1403 4493 2886 1265 8947 347 1984
7 1788 2583 9826 5653 8026 2526 6237
9 2351 4994 6623 3914 3462 9385 9751 3557 3412
53 8207 726 4122 915 2005 2263 3322 8083 8613 3177 8439 3347 6379 2359 8958 9184 5784 2021 22 6162 8783 5502 4527 363 7812 7409 7243 7522 584 3290 7596 7312 1091 5993 125 3828 1856 2739 3753 1457 6451 7212 6726 2697 3013 1973 1502 2754 6789 3732 3736 4013 2025
2 4052 1415
35 4902 1606 3576 8773 8196 2299 8023 4261 7447 4357 4016 1901 5094 6934 9275 7266 6158 1501 8126 5785 3977 1900 2434 8363 2667 6921 2572 6074 4548 7593 3159 6055 4184 4916 6491
0
13 6570 9321 4398 3198 9589 8934 6463 3044 1417 4195 1260 6211 6710
38 4768 3236 6021 7175 4989 4390 1040 910 9747 3618 5112 968 7707 8261 4910 6113 9907 6255 1913 1740 5058 3741 2136 1888 1777 3777 9870 1676 3813 2513 8668 7352 8144 7830 115 4179 643 751
65 6766 7607 8865 3804 8897 7768 2433 2435 8154 689 987 6872 1431 1516 5578 9908 1754 1069 778 8821 403 8538 2019 8278 4218 2967 3054 8338 4276 7075 3211 1439 4934 2108 2445 1495 324 3790 6336 1286 3569 9897 5164 935 3749 5684 3689 6679 8127 7139 6289 4721 4008 3157 6415 4517 127 617 3589 3218 1136 5042 8932 6511 2436
1 6340
20 3766 6638 5325 436 1893 9756 3640 4802 2769 2640 1197 9640 9520 5126 1639 792 6652 2679 2403 204
13 1204 2086 5595 1060 4937 2963 9791 2815 2201 3195 1839 5843 1724
1 5634
81 7611 4803 7982 2971 2396 4926 3696 7147 2339 8046 208 7149 1689 9599 1917 9986 4465 5406 266 6523 9889 5366 7472 1104 5592 7345 301 9051 1920 7340 7072 430 2984 9217 2666 7882 7853 9283 7778 999 2364 222 7889 8158 3085 4085 2333 2029 5980 6232 5605 9566 6870 3935 7255 7092 146 1232 9496 1912 1183 6661 9905 894 1957 6408 3859 3547 2866 6052 4561 3308 451 6776 8589 6498 7422 5410 2155 5707 3708
50 6385 4292 6357 7209 3863 3670 5963 6454 2355 5830 8435 6811 6388 7962 1308 6398 7656 4258 9214 2290 9587 1584 5617 1625 7632 9083 3973 8580 9000 6131 9333 770 506 4569 5381 7977 4999 5101 3510 5582 8935 6169 3663 5054 9580 6371 845 3071 411 5517
37 4077 3265 9243 3991 1842 3027 7979 9685 8875 8890 1964 434 6005 2768 1604 4903 4093 2622 4673 6437 7393 1420 1354 261 290 323 4726 4822 4064 8815 4212 4612 1972 5219 1029 2845 2348
0
13 3187 1769 7828 3968 1539 2202 188 450 5134 961 9515 2352 4165
67 9848 7317 8036 1064 6236 848 8238 9973 8224 3791 7767 4223 3515 7377 4136 5289 5834 8337 5024 2577 3771 6721 673 4862 3063 6696 5373 6166 6698 131 2889 5590 5040 9021 4043 9653 7189 5131 3162 9701 3372 9644 9269 5807 9541 890 4563 9305 3133 7933 4296 1669 7376 7601 9034 8522 5936 8146 6008 4683 5432 6960 2968 2809 6133 6625 4275
2 2446 4172
93 9475 8078 3145 8724 9858 8440 7395 6200 4773 9470 1066 3903 2042 5483 4046 6102 8936 2147 8663 6753 4887 9537 4307 1865 5506 4251 9495 8848 9781 2937 4889 1317 7670 2509 83 5329 9728 7525 9072 9466 8722 6601 6176 8925 3377 7948 5716 6338 2185 6134 3978 5730 5790 2224 4525 9295 2663 2910 1910 2022 7582 6314 562 9926 7254 4536 3200 7169 543 9789 316 5234 9637 2360 9953 4584 344 4936 7192 9143 4841 3421 3072 5374 6094 8298 119 5915 6810 9643 7540 6051 647
65 5439 8840 4263 5700 8150 5119 8511 4431 6574 1168 8159 9871 2076 8721 2900 5063 345 8446 3778 6684 8864 628 8140 8787 9666 2125 8373 9312 2111 6621 5688 6760 8626 3248 5572 1884 9401 3809 6401 1987 8806 1475 9649 6592 8014 2162 898 1974 5686 8112 1347 2257 1947 9148 4840 9586 5780 8070 6633 9968 4135 3530 7272 2338 960
16 6659 5665 9124 7154 6709 7280 5344 6573 2907 7966 7123 1851 1738 2296 7936 4644
45 2993 1187 2191 3076 3929 5049 4754 5197 8134 4068 4769 7244 5461 6407 7579 5460 4156 1795 1217 1236 5912 5863 4015 250 6369 8553 5512 2917 5757 3887 619 1082 373 2030 4818 8755 1320 4825 7247 3251 680 2817 5067 1382 2226
29 9794 8498 5531 9893 8702 9928 9730 3945 847 9840 3591 6723 8485 8433 9886 5402 4196 7463 4291 8077 1015 8290 2349 3403 5991 2406 1177 9697 2451
0
44 3922 6190 8121 7720 4060 8654 9568 5545 4650 9606 6030 1175 6410 6177 7383 6794 7488 8257 675 9238 9546 4472 311 9059 4145 9220 4306 135 5508 5904 3280 9812 2052 5550 2946 907 394 249 5048 1914 4157 5519 9683 588
0
33 7849 9168 7324 8383 766 328 8170 3051 1014 5129 130 9884 4386 338 9590 2167 3847 2258 2609 385 9864 7840 3604 7561 3780 3158 1193 4785 790 5601 972 1000 5701
21 5892 4816 8102 5922 9623 823 1112 8685 4746 1470 192 2776 3289 4592 4058 7885 1551 6587 1627 6632 4329
2 9145 7833
64 2672 1466 8698 9960 1312 7235 5889 9743 1186 191 6416 5997 8829 7084 2141 3323 4629 6912 7865 4858 2918 1009 9439 8328 2247 4874 3018 9658 2947 6606 2068 5951 9412 1825 2178 3846 529 2998 600 2404 3806 7919 3446 5800 1830 234 6362 5746 418 2216 1906 226 8291 1480 591 3550 6381 3964 2366 786 3561 6801 6241 3257
0
64 4057 7031 8710 2649 34 5462 598 2037 8540 780 4834 5251 7980 1787 8293 8754 9803 1243 4566 7880 3299 4953 9491 980 1326 3086 9883 2552 5023 8055 2373 6318 6707 7531 1389 4906 9228 1490 2014 1621 580 9060 9707 3180 2872 492 4955 8764 4555 5205 812 5415 9473 4405 3077 5641 1569 727 1902 1019 6858 3135 2115 5702
23 4731 8064 7565 7303 2240 2503 2784 5380 1878 7524 3527 3208 1396 4995 12 5161 3467 2467 4345 2879 4364 2504 2518
48 1521 9989 8532 3934 1485 8876 1555 6276 400 6037 3637 7950 38 7906 997 4266 8616 2685 781 6192 9081 6945 3944 3441 3477 2032 713 1054 9598 5076 183 5037 64 2806 2133 5733 2941 2592 8868 8312 1159 4007 4920 4849 6089 1018 2729 1877
4 1434 6781 6096 6613
67 8118 5115 2305 7481 2756 4400 3702 7790 3275 908 9394 939 7489 5163 9173 1215 6773 3721 4835 2877 1280 8015 3003 5230 6483 6692 9344 5270 8990 4207 5627 4570 5287 5884 4648 2174 1366 2271 7762 6394 348 9226 6608 9245 8881 4537 7892 7501 5873 8188 8556 1479 3098 2261 4877 8100 8061 6068 5092 145 8744 4540 764 8470 8898 2791 7368
5 5046 804 3832 2550 3496
68 220 6727 43 3625 2950 8000 3185 9314 5821 6277 2457 7462 7925 5584 9127 9029 8967 9057 564 5497 2818 7532 5450 7112 8378 6670 2372 5971 5737 6111 2821 9560 8960 4482 5957 3885 840 6058 3621 72 1748 5194 5338 8704 3793 2486 269 8079 217 1331 8853 5140 8088 441 5009 4608 7683 7617 41 9774 4827 9388 4832 4526 6952 5473 4978 7207
11 5359 6943 2311 7050 4913 3962 637 1327 8768 9841 7417
4 8044 671 7186 8980
56 7706 1182 9952 1618 1371 5890 5200 428 7612 3382 7298 6375 2424 8796 5786 9421 4146 8534 4470 5422 744 5038 4787 326 2662 3690 7956 4668 2081 4245 5143 765 4968 7204 8449 5019 2545 6981 5016 6534 6366 6356 8559 8376 8895 4600 7029 6755 2380 1313 966 869 3188 9255 697 63
5 6975 5370 5801 280 7704
18 8742 7440 9924 9253 3214 1626 9208 9041 8731 4352 2516 4257 578 9431 7187 3634 3517 9346
64 660 3877 7639 5939 3856 4259 7695 8297 26 6155 1835 2755 7109 2253 5258 6995 9263 6822 7974 9825 393 8798 9315 8577 5850 1836 5496 4641 8477 9548 1435 5279 1402 9372 228 3488 5080 1102 8371 9334 4779 7431 264 4139 802 6323 2484 2047 8804 6678 4133 4670 5929 1945 7293 2102 8342 6771 1841 149 1254 1119 573 3653
62 4692 484 6919 5748 2233 7483 3785 9274 9634 1290 9917 9839 7275 6648 1880 4002 1405 7404 9311 3981 1847 8886 1968 4226 1353 5540 3137 3470 5485 7737 4406 4103 4010 6526 6863 6900 3466 3788 9341 155 7913 1362 3087 4971 9176 4176 6602 5120 6569 692 3045 4479 4580 9023 8305 1464 8941 7362 2561 8479 7063 2994
2 6130 3249
22 4182 8561 3240 6557 9447 2803 7787 5973 5914 4870 3099 2140 7742 1267 4152 2036 4567 2106 5916 3486 5759 243
67 9488 2146 5147 6668 5467 6214 2874 9695 5247 5387 8950 5207 9621 8751 9937 6966 53 5706 9504 1487 8285 1160 0 7338 888 9660 550 3176 4929 4579 886 2924 1166 6582 8892 3174 4147 4985 9250 8007 4829 9935 3495 6998 3343 4970 4149 3319 884 440 2684 4475 6775 6199 279 6987 2073 5743 4772 6101 4613 7461 1583 197 8081 2828 6184
6 3216 9872 8502 1568 596 3235
31 4649 7634 1992 2277 9357 728 2159 1514 9146 7452 6254 9167 18 2694 2383 1454 9582 547 9778 2385 4197 9927 5859 6271 4897 9544 2952 8715 4821 1635 969
21 4429 5469 5414 3032 142 8531 7905 1086 8510 1375 1237 4490 940 4380 491 6513 3305 5717 4256 7348 1648
31 7027 2402 4837 1043 6193 5754 5623 5762 6477 7665 8427 4036 9620 6769 5996 2927 3930 717 6013 5466 427 453 7856 8272 6821 788 6157 3059 4871 1637 7690
3 4071 2921 5588
54 1799 359 5768 5852 6206 7157 2354 8038 4925 4813 2800 8489 3723 1664 6048 3400 7836 4610 7999 1240 912 3056 8643 9085 6777 6270 7051 1334 8600 6070 8071 6116 9550 5011 9036 8632 5039 5599 9523 7972 6577 1543 3710 2942 4895 4518 1079 5618 6974 4635 8753 849 9418 8311
45 2324 1783 6432 8242 6376 5447 1117 7829 613 507 4752 7628 1246 6527 9749 4991 8525 1757 2515 6346 2361 7057 3509 6391 542 4462 7895 7967 8690 8902 1728 2264 8002 9517 749 4412 9064 2881 8105 7631 5216 8268 7533 98 1154
50 914 5191 2237 169 2326 6786 2219 775 9066 4740 7591 3046 7848 3754 9017 6967 2112 967 8822 7160 2787 129 7391 1107 7562 114 3578 9348 3996 7354 2491 8520 7119 2976 8241 486 6327 5633 7677 1967 2544 937 5928 4516 5877 126 6279 3386 6090 3227
0
19 5629 8306 7477 3649 8979 9134 8750 3168 7900 8986 8270 9786 4707 8819 8631 7775 2659 9741 592
0
4 4764 4753 3425 3060
33 3210 3482 4632 6046 6003 7191 7798 5612 4249 1448 1239 3610 4030 1138 1854 3669 6112 2331 190 8005 902 8458 465 5763 2097 1526 4732 7188 6378 4402 5487 3068 536
0
40 6466 5399 7975 5246 9345 6964 9195 1940 8662 1561 1476 5321 1605 4029 242 9605 4912 4403 50 2865 7666 5017 8747 8672 7730 9285 621 2514 3457 2904 5849 5489 9829 8539 6240 4965 7165 9556 7021 5255
6 1572 5524 7297 7487 8227 563
0
14 1826 1965 7256 3756 4662 4066 3361 1330 5156 7969 3172 5910 9816 5654
30 3353 934 7735 7855 275 9850 5984 8073 2777 1037 6970 6493 8003 9273 7367 6869 919 8884 4942 1198 173 5875 7356 2470 5301 2843 5975 7484 4497 3548
46 6550 943 2960 7097 4652 6800 1092 1708 1548 9857 8844 6763 2314 8345 6735 7860 6716 5606 512 3888 8362 982 3287 6492 6768 3960 6946 801 1743 8537 454 4330 4269 3564 1438 5089 7263 1570 6281 8179 2285 2376 2063 1812 1266 882
25 5715 6848 6355 9569 8243 4993 8802 4369 4360 9962 6490 6901 31 8830 8484 1615 368 5712 5591 9100 3540 1665 4594 470 2388
20 7987 5657 7734 5660 3459 1209 7281 6920 8409 5285 6823 7764 7926 8774 8583 3918 6598 212 6730 9558
3 3039 7318 691
24 8304 5931 5920 1273 4725 8930 6095 458 139 8676 5824 7600 6273 6053 856 3661 1449 5711 5276 2119 1533 5227 2367 3082
8 5130 2335 6595 5206 429 2736 9095 3036
80 681 9159 9014 7901 2091 90 1425 4701 9591 5903 1751 7042 3324 3659 4717 1278 3410 7232 6278 2873 2279 7022 8375 6221 9477 8572 9943 2687 1525 4025 194 1032 6256 4856 360 2590 7672 1908 9677 1747 5428 9278 1483 1642 9672 2893 2540 5577 1488 1977 3890 2379 3432 2270 3728 7333 1400 742 1335 3217 7198 2002 8136 5518 4848 1297 6593 1874 8174 2626 4020 1975 1263 6303 6435 6217 2215 6650 447 3116
55 6719 4749 9844 2500 7290 4199 2671 7587 6100 6365 1496 7909 9264 3650 8139 7932 461 9405 4654 8491 6759 5655 7357 9518 7041 5697 7507 3965 7548 6662 5141 8408 7902 9680 8985 7220 1108 5521 3800 105 4984 2819 9705 4682 3906 2268 4552 8236 953 7903 825 4037 9969 5211 9600
19 6887 6141 9865 6201 566 9112 5937 6012 5471 9423 2123 9615 9866 7921 2668 7908 3006 8392 8799
32 3900 4939 151 1703 7862 9399 3676 5792 5217 9063 2336 9948 9686 2638 455 3614 1279 7411 7542 516 378 3148 5543 3024 1184 6189 824 6830 1212 1778 7722 7577
53 4363 615 9376 9368 9575 7334 6552 3416 237 3685 6809 4045 2903 6836 2546 6706 361 8295 8221 3567 8401 2485 297 8133 3253 3088 8259 2131 3773 2192 1649 3475 9142 2831 4022 3593 2575 4342 2160 661 3081 978 3354 6929 8165 8060 3522 4643 696 2957 2007 900 2480
17 2991 8203 9069 2422 6784 8660 1634 3311 8682 3758 3008 6842 9847 6173 1993 3748 4300
25 2995 5014 8404 9038 846 7494 9037 68 8286 1148 2169 4034 4186 7519 5308 2358 6876 2058 236 164 1904 5556 1821 8645 431
5 5620 8361 9828 7214 2902
52 5857 7201 3335 5157 3203 3520 1657 6793 4880 3802 3675 1083 2183 4334 4140 2100 8943 7108 636 8413 5854 7509 5073 9763 8901 5858 3093 6700 3966 4445 3358 7389 2655 7658 2987 9101 4222 3946 8637 6076 5870 5548 9765 5845 7004 1522 4767 1235 5044 5033 6413 6301
65 8415 9951 5537 667 2252 1505 462 9489 7016 2018 8381 9898 2613 9990 8642 7835 5687 6185 4833 8153 84 9704 2825 6085 6018 5579 3011 2235 3974 1661 7114 1719 5114 9876 7124 6594 7499 8972 4496 7500 3113 8480 8313 7476 7943 5468 1101 8397 7821 8735 5576 5088 821 3688 4150 7868 485 889 5398 1022 1369 2814 6235 8696 6207
3 175 2648 3628
43 3620 8237 6348 6322 408 4096 8006 5435 7598 2337 4724 9451 2832 5183 4864 9178 3794 5036 4990 54 9964 7443 4410 6129 6337 6044 3983 5104 6895 5409 86 1876 633 3043 1346 7273 4299 3852 6528 148 2733 7113 3586
49 156 7138 9180 6197 9714 816 626 5149 8523 2954 271 7929 2858 1700 6374 7116 3164 4718 1283 4553 9856 184 174 2027 9044 8274 8316 9854 7703 2083 1074 5413 2011 6862 8294 2610 3975 1698 4132 3695 3065 4420 7953 2982 367 4109 8051 2727 4557
0
0
35 7277 666 5645 9957 1468 9336 3630 8903 4239 4909 4436 8273 3050 3671 2519 610 9055 2644 5218 7227 9975 7660 2039 6584 7455 8877 6697 1557 4021 1172 1085 6612 2114 866 2151
22 733 1057 2695 1673 1763 8321 8269 3822 2473 5431 3751 122 3969 7535 410 2471 6852 8716 7857 2454 6907 7553
7 7148 2381 1595 4503 4777 2085 629
19 6891 7566 3551 6600 736 1051 422 3291 8820 5051 2992 1300 3783 1222 4524 5053 739 358 199
5 8033 187 3660 9351 6933
2 3094 4423
14 9392 3875 7427 1660 7781 2090 6796 1021 1139 170 7625 158 2775 2972
2 8709 3516
19 8394 6497 5756 5324 227 1067 4214 3855 4219 4529 1210 9980 7406 3573 3997 3830 380 1725 2624
46 5222 1837 5311 2943 2651 3298 6814 4696 1128 9434 7809 58 1145 2342 9024 3250 4434 4129 4033 5248 505 2087 2839 3615 5708 2665 2898 1844 3097 4198 162 4755 2190 3521 1328 9342 3727 4138 1333 1705 166 6737 5953 3529 1773 5392
50 5345 9699 8778 8438 1560 1250 7603 5896 5990 6580 8957 4722 4298 7526 4745 8649 6944 3234 6084 4958 8013 1226 1158 7811 7928 5291 2184 4284 3543 7118 6272 406 3061 8329 3389 4335 7196 7626 2407 354 2929 8156 9016 6247 4972 944 4744 2392 195 1951
48 45 2584 9601 558 3075 3209 1191 1062 9056 6989 4293 4720 8813 527 9906 6368 8938 5600 5782 8436 4448 1552 3463 8732 7515 6119 6977 1169 9596 9776 4706 3880 3737 9199 4142 3597 7686 1617 3538 4242 5243 8622 1718 4593 8782 2834 6311 1010
20 5979 3189 9048 7469 6903 4121 8633 1633 7306 714 8567 7705 5569 4437 624 1727 3633 4235 6164 3810
4 4119 6603 8653 4574
54 3233 9445 3782 5503 9584 4944 747 9042 4957 3306 9073 6445 82 2664 4933 4628 6262 163 2468 6634 3541 6522 9406 6312 1121 2788 7671 6097 4095 1683 8318 7802 9983 310 3127 1126 412 777 2534 6208 8560 4365 2527 5378 4814 6714 6802 7585 1941 5773 4498 7225 8280 4012
7 9191 9049 1109 6227 7794 2765 9155
25 39 1003 2033 4382 4713 1294 5122 7310 5758 9757 8288 5594 3376 5899 4035 5495 599 6839 7241 3342 1026 4041 2210 6239 312
18 7633 1938 5837 8961 6671 2000 5511 2715 3264 7890 1049 1465 9416 6844 167 1592 93 1944
15 7439 6664 6258 6936 3126 1080 3405 684 3118 2053 2346 216 6616 7202 4446
0
59 4189 2652 9440 5557 1364 552 4660 7011 9039 4824 4415 1558 7769 443 4082 9027 8711 8933 3001 308 7896 9078 5302 74 3500 789 5976 1693 2646 332 8067 4844 353 8857 6693 7432 7877 1489 225 4603 3568 5152 9299 3692 5646 3370 3213 9513 1858 414 762 3419 6443 4719 5977 463 1394 4233 5363
38 3387 7995 8545 4447 4338 5934 5917 276 7922 8464 3612 779 5658 9790 605 3755 3881 7408 8834 6686 7866 5376 6744 4385 5570 8262 9231 1872 6531 4665 7284 6098 865 2465 1321 2686 2428 1873
2 1179 5371
54 9435 7609 9443 23 612 3533 2785 1285 1779 3919 9352 7575 9454 515 8726 3949 3114 7891 7751 6738 141 3724 4885 230 4792 2802 7815 1206 6674 6849 1960 8611 9158 8352 6908 7346 965 5477 9617 2631 2312 8319 1632 6249 1710 6695 7479 1379 5179 2172 6899 1995 2328 5764
0
4 1717 2182 6845 3009
52 6472 7415 4679 3742 6033 881 7863 3817 6449 3020 3121 2842 799 1744 8807 9996 7238 8926 4373 8190 5026 3574 3928 4738 4534 7103 307 9316 3252 657 2750 7170 6514 6031 8209 2438 9259 897 1966 7055 6797 121 5196 1939 3760 6028 3697 3645 2431 265 3504 4331
44 91 7872 4089 8292 9186 6473 9436 7038 1007 5407 5856 391 9835 5096 7824 8832 798 4100 3834 239 6429 6941 1467 5265 539 6741 3514 6742 7556 1221 3409 8276 4164 4321 9156 2420 9530 5103 6469 3178 7193 2377 349 4510
4 7584 9888 4980 2735
32 2378 4830 474 9248 6687 7397 1113 8356 9755 4896 9559 4560 1390 979 8937 9721 6643 7110 1784 8920 9880 8076 9619 3544 4831 4736 7651 5059 70 4504 8191 8552
9 5918 2441 7008 2031 936 5365 1791 3021 8636
29 6083 4763 6020 4770 6525 2816 6259 8863 7311 9013 7465 9657 8169 6619 8527 4531 8247 7791 6532 439 3583 2959 8574 5635 8360 1315 977 7911 2288
4 102 9141 5266 3592
18 6819 2876 6474 3268 4476 1016 678 1165 1055 8050 3348 2313 6559 2415 1688 7776 6586 933
0
0
52 6210 8859 7645 2188 2397 8145 7007 9414 9118 5833 1249 3271 693 8578 6075 3599 8975 1918 645 7733 6905 3596 4847 9465 1702 8054 8403 7098 9230 5494 867 6923 9086 9602 4267 1527 5728 4105 2862 2054 6495 5734 2041 7938 6524 4714 2585 518 9827 3642 6202 2423
65 2870 577 8090 4469 8669 6897 1271 3765 8740 8592 702 9522 8586 1614 3295 7543 8471 5436 3318 1674 2608 320 541 6994 1302 4083 1897 2001 925 4396 6860 7268 4898 4178 3506 6252 2370 9187 6510 2944 7077 213 3747 9588 2287 9292 1567 2708 4800 211 7823 444 3378 5927 9511 763 7506 3052 2035 4675 7250 9603 1311 6909 6086
5 8220 1386 5233 6257 7245
21 4078 9925 4049 688 8152 2442 4481 7331 9592 2506 1178 4391 1681 949 5744 473 745 7379 9310 2064 7105
15 1073 4389 1190 3263 1084 6558 6023 3357 9137 9684 622 1782 8326 3577 9903
81 8315 1599 9157 7216 9868 8434 2069 9787 6655 2399 2940 6117 7026 7295 3 2343 3380 5945 7721 555 5619 33 4350 3281 5177 3243 383 4193 4229 2071 4272 5781 8089 4687 4028 7282 6954 9309 2004 9233 6345 1135 1726 6624 3437 6837 3641 3814 5239 1225 8847 5003 3594 4868 5043 7832 483 2650 8795 4711 6568 1077 1814 4024 5735 3070 6917 5155 9301 8045 814 8770 8712 6654 5907 5256 2067 6266 2925 8816 3818
14 9106 7883 4260 1831 523 7946 5209 6168 2003 3150 1890 4200 81 5639
6 3155 9814 94 6770 9213 4115
6 2985 3106 9015 2134 2494 8618
0
4 78 7613 9446 3860
30 7426 746 5354 9031 6597 2793 3937 5721 8080 3260 7648 4480 3762 1737 2168 3536 4018 5416 4530 7719 3090 4273 1932 3182 9675 4575 2303 8723 4031 3315
41 1544 6829 3199 7623 9256 3175 585 4312 318 8860 5648 7206 2945 7365 3884 5272 3276 8984 1006 4806 9028 9493 5364 3726 9291 640 6832 3909 7738 7090 3092 5667 6161 8353 9645 7978 4111 4418 9343 1651 8909
62 9891 9130 1398 5940 9752 3266 2126 1969 791 7327 319 1245 2531 9753 9240 9853 9949 7597 9153 4520 8894 3797 1889 1867 1292 7873 2852 8512 189 2682 9411 9931 4177 9252 958 1887 9323 299 8034 5651 6387 3714 8 6896 6984 8612 6067 7945 3990 6455 9539 1731 9450 4631 2214 77 2731 6159 3652 4881 9354 3436
14 6042 7937 9054 6152 3693 1556 6475 4099 1809 7867 879 2395 1203 6218
4 7576 3492 3171 4976
5 6599 835 1711 9581 4904
75 5881 4006 5516 3811 6563 8162 9974 7430 3332 970 590 2782 8111 7028 7777 9954 5434 3784 9126 6364 5603 1622 3986 4153 7935 2857 9809 3314 3435 8482 877 7043 2761 5093 7146 9547 6540 6841 8175 9119 4232 9387 8029 6400 9070 1652 1624 9846 8869 8767 104 8380 1162 1646 2619 9503 1857 7128 1017 7342 4927 1181 2709 1316 1943 3274 7731 1288 9505 7470 5050 5897 9555 1596 7234
34 7803 6334 3571 6724 8082 9266 5986 4826 1087 9432 9386 4225 8729 6290 9879 6774 2437 2282 8192 8788 4407 4381 7991 8218 7246 1801 3474 4940 2213 9607 6647 4747 6804 1289
19 4463 4265 826 6751 7644 6011 1305 8117 7858 9912 5593 8893 8792 3349 2895 4962 7854 1185 4678
26 5662 6106 7834 8461 5810 4865 2307 7410 7141 3718 5616 5111 9102 9775 7274 7454 9449 8888 6548 1497 3483 9819 983 9022 4961 7970
0
84 4067 5127 5349 9384 3367 7416 9096 3733 1588 6292 7286 9329 4069 630 9936 9172 3745 3100 4938 8700 2919 3254 7401 3565 4062 9842 8213 9529 4657 7423 6999 5000 1742 2720 8231 7589 7001 3759 4161 382 895 4855 9712 95 2508 9564 2462 5394 263 6850 5755 3231 9998 4812 500 2045 7963 3445 6949 488 9639 1534 7182 3823 2199 1031 8929 7228 7074 2250 8779 8043 5459 5805 4811 5787 9113 6881 5375 2099 4254 8265 5690 6405
14 6430 4466 9371 2698 994 8730 5583 5886 9251 659 432 1220 215 5313
27 5062 2414 2847 7708 9441 1746 4238 89 7458 7516 3682 2293 2578 9428 9462 8417 5580 402 1998 6389 8478 6470 793 8182 6750 5597 3546
0
8 6752 7675 5105 5802 8251 2078 4544 7816
82 6718 9258 3238 8681 3537 1093 6779 5351 456 1238 3619 2334 9795 8581 8518 2281 9531 6630 8593 7743 7610 8499 6820 1899 7939 7059 8558 4430 709 8332 3010 3269 5330 1458 475 270 7069 7888 6384 9469 381 5464 2899 7879 7732 5853 5444 829 5267 6549 3296 4932 8101 9472 3165 4209 8104 7480 8940 3438 1685 8955 1378 4571 6745 4615 509 1798 240 396 7951 8487 8374 1678 870 9330 9410 1367 7947 2611 6065 6172
42 6507 3123 7642 1130 9887 1348 6888 7014 1983 144 1862 5553 9632 5109 2048 1429 6556 7957 289 1794 9831 8924 3019 5323 7359 4809 3904 6854 3037 425 5769 6230 6268 9562 5983 1329 5699 6976 4667 3360 924 7308
13 327 3423 6950 482 3632 7030 49 3598 1499 5116 6677 157 1537
14 8598 1048 9696 625 6683 1365 1805 5077 487 6871 3524 6351 1855 3845
35 2602 2997 179 9807 9614 260 2641 6913 4558 206 5992 9306 5649 2079 7486 113 4108 9221 7457 7517 251 7807 860 3451 501 3345 7801 1607 6320 2556 1946 9404 7049 6835 7649
3 4611 3511 1387
70 7158 6049 9585 8737 975 1299 8322 9289 4079 8025 7419 5322 3362 6138 7466 4564 2887 6456 5661 1695 8605 6728 9068 8020 5664 5427 863 7557 5718 7044 4477 4424 8129 7673 3971 1848 1 7808 8367 4911 4604 6604 5362 7797 1284 7819 8748 9722 4000 1586 7197 9508 8836 2177 1538 7647 8803 6704 3406 3057 8891 2789 2807 2532 2456 7270 4097 9802 8314 85
28 6958 8459 97 9516 8809 3523 8521 8428 8202 4485 1500 9198 4319 7360 7052 1790 4042 5864 8018 9320 7223 9916 5774 9018 1268 3870 9837 3399
45 701 9282 1833 1573 159 8447 9200 7689 3385 1976 5895 676 5005 7482 8250 6125 5210 6746 9229 4282 8968 3803 8793 6553 4413 3340 5142 2286 1233 7131 753 9502 2826 7370 1244 3246 8115 2551 6414 7271 5479 52 4780 4786 2605
62 9366 1704 9382 9033 2747 1715 7249 9549 9165 7572 2375 5125 3326 7296 1735 9461 8728 4638 9690 7473 8677 1564 2426 545 9092 9249 2495 9303 9458 3812 8185 8915 1892 8341 8422 669 9570 2753 14 4838 2419 4244 8310 7210 5816 9929 1291 8138 8208 5087 2861 9234 6641 6834 6194 8430 2317 7567 3712 8647 8648 6631
3 207 4967 7643
29 3638 3089 6043 3915 4285 1357 3206 1208 284 8075 9193 3910 5091 2294 4450 2095 7332 2627 6059 3355 4680 769 3030 7839 2786 5681 1990 233 2149
66 8346 2766 7343 8177 330 2855 8565 6402 8885 9811 2965 9484 8701 2166 9678 589 5901 2710 8564 9456 134 80 4452 8349 5887 2477 9425 4174 3212 1980 5429 9919 2474 2116 8455 4547 3686 1261 7588 522 153 604 7102 3301 6991 1047 8519 7129 1640 7231 7961 4399 4359 438 6285 4554 201 4528 1979 723 6420 783 3066 5560 2398 581
39 8424 654 8644 2517 2713 4397 8339 3701 9940 5669 2472 5668 2860 5181 9115 7845 9147 1677 3091 7538 2129 2744 4734 3984 3429 9363 7407 8253 8976 5018 1034 1459 3923 198 231 2981 7893 6439 6644
18 5832 4616 3720 405 4794 1768 5908 7694 3679 9408 4050 3992 2746 4355 2920 6764 1519 4774
4 9670 7851 3448 1959
59 8595 9561 8835 3128 2152 4996 8797 6482 9956 9175 9836 5117 1562 4983 2677 4495 8634 1750 7944 4116 117 6978 2289 5861 4432 110 7291 5793 2547 1228 8769 116 55 2977 9389 3034 8124 5695 96 8283 2432 9525 3193 4836 2229 5123 3261 3776 2596 761 2696 3017 7669 3413 7754 809 3111 5430 1399
6 6261 9822 2150 2758 8544 42
27 7082 1045 6238 1214 5766 9300 3303 6063 1223 5379 4317 1068 8908 9400 494 3535 649 398 481 9597 4846 6383 401 6880 4859 5032 5029
32 1591 1201 4513 4899 4606 6019 5961 8229 4075 6465 8160 2483 1546 6317 37 9074 6022 6717 2093 7106 9894 1446 8011 7817 7371 4268 4775 6038 4419 6121 5486 7010
28 1058 6875 5034 9088 5271 8664 5607 6855 8275 3627 7019 4366 3450 1682 8736 7508 6503 6041 4947 1655 951 5736 4586 3769 6061 7718 8805 5738
38 4378 6223 8867 6353 4946 6725 3408 7635 8563 3255 2580 7550 8021 4234 767 7140 5025 9972 5558 7619 8323 7717 9524 651 2478 1509 7810 1881 8776 9904 8918 5698 950 1345 7399 9882 4690 7260
33 1141 9543 4107 7337 1035 3119 9942 4951 810 5476 7384 6509 4966 9806 6283 6504 4587 6554 6452 489 8410 7375 3079 2410 8641 1679 5074 472 878 2760 7122 4290 67
48 6392 993 5703 3452 5041 7115 8027 9052 4607 2930 3716 4181 5318 62 3667 8494 9235 9395 6747 8377 2983 1895 3912 7390 5012 8655 5382 1986 4941 3825 8296 76 2705 9216 5611 1097 2790 2724 4294 805 1936 1146 7363 3920 7172 5505 9830 8757
3 1813 395 7179
52 7606 5008 5608 5771 9635 4808 1140 2482 2599 2304 2614 3331 5520 2013 5102 7436 6566 6826 6267 7054 3587 4134 4589 4194 8042 4370 1259 2558 4489 9090 5533 5404 8106 3356 3456 6082 1870 1829 3132 7058 2549 8610 2187 4549 8529 471 8041 4860 6127 246 5283 6071
0
74 1194 2142 9554 3156 111 7330 7450 2629 5647 868 7771 1460 258 1319 7056 3622 3705 7025 9845 5994 7702 4637 9609 8597 5268 3067 3073 9011 4693 6104 2327 1156 17 8171 5841 8107 370 6505 9239 6064 3967 2458 5893 4216 1513 6805 1455 3739 8411 4651 7659 932 2109 2896 2197 5946 3842 5173 5527 4702 2779 5747 2848 2999 340 2291 9358 9995 6732 6546 6537 2678 9770 519
19 7301 7073 9004 4908 1714 7604 1958 9579 4274 9463 9767 7837 8640 8412 946 7315 4875 7460 9958
18 4891 2851 7914 4760 4801 3827 5967 3534 2836 61 1590 4311 1024 5400 1241 3898 3731 7361
4 2822 9738 9053 1408
24 7446 2628 1200 7302 7451 8474 9608 5305 9201 4741 818 7711 8695 2505 2712 1385 7089 1295 2444 6542 9109 5561 7559 6906
60 4960 1472 3384 9460 1339 7358 1205 7698 1822 8624 873 4677 4104 5796 3225 6703 7800 9571 9350 2499 6436 9149 565 2955 2243 8391 8628 6287 2808 9780 741 5405 5137 8665 5894 8639 4074 4748 3220 2704 1142 9196 1114 9098 8982 4094 3359 8429 7350 508 7070 864 3395 7814 5888 160 3572 3994 7618 3015
0
11 2717 8946 8085 1942 476 2554 5237 1442 404 3139 3391
3 7782 957 3181
5 4804 5876 8172 1134 389
58 9499 8974 9317 4888 5238 7091 9689 5309 3631 6813 6585 4428 4092 1796 9694 7973 1498 3028 9091 4213 5943 4340 3512 6180 9674 6050 5692 7428 2988 4653 9144 7825 9105 7971 7497 8354 3750 2476 8456 9514 6911 5571 8606 6339 1834 5386 6867 4026 7741 321 6883 6404 8062 7697 6561 9768 3107 6216
0
31 4759 4474 1196 4765 6151 2604 9506 9378 9735 5244 4084 4175 4314 1760 8178 3272 2745 6295 8460 1759 1797 8466 5314 3277 3392 5869 1409 1416 2979 379 4438
4 2603 8854 2440 4114
0
63 5535 9498 3503 8678 7871 8017 6778 6961 4151 2479 1758 8277 7667 5229 7086 1996 513 3528 662 800 2161 1028 3678 3388 5045 833 546 7000 5124 7983 1436 2092 7300 1147 4919 339 2645 9008 5972 7199 7924 9877 2245 3805 9717 1033 5672 7023 7093 8671 6555 4982 1775 3874 885 1529 8451 942 1978 262 5536 47 796
28 7064 8198 6736 4499 9521 5625 7749 8030 3864 2089 7445 8922 5300 4038 754 5819 7713 79 426 9535 7478 1550 3970 5002 2804 5562 6596 582
80 3579 2693 5153 8130 3396 9076 2841 309 4408 8954 1994 147 7239 8609 7988 9183 9533 5457 7748 5911 9006 9203 1671 8988 594 2725 9593 1395 2255 6434 4689 9222 8248 8775 7242 2657 8883 7276 4776 9673 4845 1383 6078 8028 9553 5098 3327 8186 646 3007 1823 6140 3600 8473 9319 3658 3223 3307 1982 3613 9108 4336 1869 3352 9170 181 4228 196 3959 4384 3668 3840 9573 1211 6149 3422 8351 7341 8385 7326
22 6808 445 7205 8468 6578 3460 854 5472 9304 5171 2966 304 504 4788 606 572 1342 1541 5760 87 2207 5964
60 4542 7190 8131 7336 1493 3553 4344 8899 1933 5913 1144 4930 9365 7696 4417 8675 337 1392 4414 6350 7700 6170 7221 8707 6045 3473 5060 3031 8379 6682 9005 9171 9026 6118 797 3980 4729 1110 7224 6501 3447 2883 6040 8823 218 4798 5275 9244 5491 2306 2143 8187 4502 8619 1954 7555 3048 5065 4964 6627
72 3258 5564 9492 3339 6231 1100 7351 2350 1325 4715 6516 5082 8072 1441 740 5348 9121 7467 7915 4478 3480 2194 5401 7693 2274 1120 7661 6715 6666 6705 8808 4168 2122 4869 4873 9750 5689 3241 3819 8066 2082 4723 3026 3963 1598 449 4125 5295 716 247 1720 8827 8444 4439 1296 658 4211 8212 2773 7145 6467 4426 7799 7520 5515 7289 892 1404 6377 556 1350 4956
15 8533 517 9679 5231 65 7726 3816 2273 7934 6639 5284 7886 5638 4171 4131
11 3440 152 5955 1925 4796 4543 3575 7552 9286 2906 1644
29 7653 8551 3581 4581 4236 9075 5938 8919 3201 3746 9899 357 571 7715 232 2439 466 3651 2489 8256 437 1477 5490 2931 8623 3273 2020 510 7846
59 5069 6294 8781 8566 2469 4442 2239 4716 5868 7728 4309 8526 4356 6979 2680 8812 2707 2892 4110 7709 3835 8215 2891 8907 8734 3131 5290 9618 109 3368 4986 8842 1553 2560 8148 1052 9290 5652 1456 9419 4310 3602 4541 2702 9896 1619 9656 2455 6081 5872 5765 3498 1061 5337 787 652 1361 4224 9307
0
46 2636 6330 377 8183 4433 7569 7251 7752 1772 9966 6748 4455 2353 1025 6767 5783 7773 2838 5353 3644 8488 1174 4185 5969 409 5293 5704 3989 168 1643 1861 2062 8878 2124 4456 2121 6951 2743 3390 7692 6147 1535 6924 386 4596 285
31 9174 842 6739 1565 9985 1252 3485 7067 9009 6107 4308 9206 5710 8287 6986 7101 4979 9572 7551 6713 7100 4695 4237 4461 1697 1106 6390 5470 9481 7774 2894
23 1641 1377 2496 6931 4766 5528 7173 6699 3350 5298 2535 9754 1985 7144 6280 4730 3297 499 927 1603 1370 4577 3228
44 4948 9961 2770 6036 6359 9648 9437 9415 7405 4640 5090 2176 6344 8309 3166 2055 9116 3147 8989 8826 5848 7321 1879 6996 3942 8348 3401 6072 9716 938 7795 8087 5199 2425 9981 8866 9509 3371 7208 2460 8496 3761 28 7
2 5604 5455
35 8550 7615 4815 7546 101 7912 3204 5640 6689 6054 4686 1180 7940 4626 6126 3725 9369 5452 8252 459 4326 374 6499 3237 2203 616 9563 172 5926 2189 5372 3468 5021 7568 7899
70 6000 5705 5 2138 9909 8012 6427 5433 6057 7916 4325 5235 8483 6329 8603 5384 4262 6609 9281 3402 9979 8284 223 7990 6367 3879 2675 1352 7739 9796 9595 1819 6968 8200 9409 9659 3891 5393 2246 2164 9758 5458 3566 165 8048 1463 4073 5902 4427 8344 9652 7252 5341 6541 695 732 3948 5812 5391 2537 2749 9045 1601 2487 6442 5257 5779 2956 6017 3531
3 570 3179 27
10 2805 4852 9328 4949 2297 1424 1807 6857 4327 5574
79 3764 4784 375 2137 6481 7679 6304 8727 8239 1770 9583 8263 8389 8441 7142 9267 3683 9308 8040 51 2230 6069 9976 2260 8562 2412 2382 8035 2833 5306 8142 5135 5947 5727 9355 5956 6530 1469 7155 8843 302 325 9647 9534 8199 6734 9429 4301 9125 154 8570 2880 8405 5663 5145 4173 5190 9433 2612 735 2732 4705 6077 7453 9878 2691 3936 2275 2448 4762 7968 1638 3202 8132 2901 3080 3375 531 9138
0
62 5530 9035 9482 6997 8437 7785 2148 2408 2080 5691 5840 8963 5808 5132 2615 6418 4669 3344 7779 6521 7159 7081 6628 4645 7217 6494 6939 7285 5750 6589 9396 7780 6349 1157 9843 5656 9132 9479 8635 1506 5316 5709 3995 4505 8393 2962 9353 7396 7413 6783 9347 390 7002 3074 1672 6332 3868 6142 9163 1793 7887 4361
38 8591 855 9736 989 1094 3152 2300 9050 2466 3799 9427 9077 583 9426 5236 4609 7578 8495 9480 8608 2974 5047 9977 4039 8535 8515 7094 730 4820 7804 9438 9152 7772 1653 6806 7134 8694 7796
29 3831 4974 929 1359 9166 3899 5740 2205 3005 1756 2430 3744 7177 7723 1923 795 7185 2429 2642 690 2762 150 106 3905 8687 468 5838 59 5412
7 3083 3719 8771 6564 8307 1298 5107
52 5835 6229 5552 2711 8948 7793 1712 7183 1909 9933 4279 540 7279 9190 2049 5797 1612 6731 8176 9467 5303 3170 8673 3341 5935 9733 5277 2595 257 991 8889 2040 6145 8691 6352 7150 1406 1507 7493 4277 8355 3897 4700 1613 8217 1611 5212 1523 875 1075 4203 2621
71 8366 687 3471 2557 665 8120 3064 8282 3417 4697 6520 2912 2221 5522 2057 2840 3917 6990 5596 3513 5296 5084 5510 3532 1020 7062 1694 5509 3743 4533 5169 9497 2262 9655 7989 5451 7549 9464 6406 5761 4011 9207 1358 210 5804 6220 7385 4328 5642 6884 8414 1789 1231 7563 9875 4987 7398 7640 5891 7716 7434 5250 3655 4790 2751 4416 2104 2938 3779 3328 3664
53 9393 1767 670 7745 6824 4997 6188 8330 9370 9792 6484 2730 9169 7248 2181 6712 8420 8921 8056 6087 9294 3394 4663 9519 2461 2764 757 4620 6636 4624 8965 7287 1374 9557 6251 4666 3196 2510 9863 7107 2501 8880 103 24 4890 3279 8240 2386 7655 6088 9941 9932 3595
9 962 9340 2163 1030 8205 6265 5865 2012 1926
48 6244 5587 2266 901 3770 4521 8993 6567 5028 1218 4124 9726 9676 2272 1426 8161 2827 853 9271 1008 5203 8467 8998 293 6517 2566 9950 6478 3219 9766 1576 7616 4271 5110 3717 638 497 6673 9071 9731 1991 3901 3472 2267 277 2217 2254 6148
7 8103 2223 5260 6056 2635 3190 2922
51 4288 5220 2939 5732 6904 4280 1713 3605 2387 2130 4051 904 6963 9624 1780 5357 7040 9162 4451 9901 5061 8703 7547 1343 9834 9574 7954 5172 9402 5319 5085 9813 3752 6431 4061 8749 1762 8981 7930 3197 1071 5844 4674 9971 9161 9403 362 9192 7215 4347 4087
0
59 4782 6651 8347 9821 8659 9179 5974 1952 8390 2632 1452 838 8761 6426 9390 2077 4230 4072 8168 9810 9630 6204 56 7994 5631 5498 2700 1955 2259 7783 3428 4464 3792 7226 2932 4709 9114 8382 1153 6316 9364 5225 2796 8777 4905 2269 4411 5882 6308 1629 8596 7319 371 4556 9296 7153 2623 7917 7414
0
71 138 1817 773 1038 5532 5195 6890 5965 7581 3373 5456 3455 4573 5726 6016 3049 7087 1131 9356 5637 1898 8741 2728 4117 9808 8638 9737 8206 1423 5547 3364 7536 1709 4582 4565 140 9651 5162 4511 7884 8255 1401 947 920 4421 6539 3639 5484 5056 5001 756 5825 4187 5636 3916 7646 4863 7571 1696 5626 366 4810 1827 7339 1628 4155 4733 2427 5538 7654 5453
2 333 2600
5 8964 5644 3952 722 9604
17 2209 3815 8546 9662 4392 3911 7529 1192 3921 69 9785 1152 4126 6421 4001 1229 3430
40 4992 3629 5367 4090 6026 1963 245 7033 7126 3677 7558 112 9999 1654 6343 3329 6792 424 6307 4441 8098 1510 6034 6605 1949 2196 1072 708 1129 5981 3424 3351 7152 6667 4698 7789 1928 3038 4605 5208
48 3461 99 8780 4488 6282 5546 7378 2714 3927 5187 6758 6315 6288 2690 9626 2723 8419 8800 2490 46 3789 6372 7599 9265 1663 1859 3469 9374 5589 6799 1997 6 3112 4320 9713 6916 5549 9698 5685 9748 5970 6947 5551 9838 3555 3876 4915 2084
32 4023 535 1850 8705 9746 6373 3843 6831 1388 9682 3626 3023 8852 2978 2302 5232 4664 4367 8845 415 6305 6988 5678 1891 4353 3956 7537 2016 7471 7820 5885 2107
44 9800 557 5767 3108 984 9430 9681 9197 4614 514 5741 4054 9337 807 7095 4928 5421 9663 7269 3862 423 1953 7687 2553 6139 2884 4850 948 9082 2533 3938 7788 3993 5586 4872 8959 8928 8743 3381 3580 9860 2565 9982 2980
4 9058 3183 2098 3042
5 6440 2734 2368 9861 2139
70 4004 8469 4900 576 3487 8689 1749 2763 4728 8008 1630 5442 8801 8861 2316 5108 4583 143 9448 7344 844 6433 8095 2256 6653 6607 6396 2309 8720 9867 1806 2598 549 7959 8524 7786 6297 2222 9062 1843 8163 6840 9061 4409 7512 5286 3163 6335 6248 9065 2990 2248 8197 9788 1937 6153 9613 990 4981 9452 1323 3366 1739 4708 5851 1690 6843 5988 1921 7456
5 3808 4789 8009 6588 7527
24 4467 7674 8184 1492 5613 5245 5555 9227 3519 3698 8745 3763 9129 5148 593 4286 5144 15 7870 2673 5167 2738 1167 7981
3 1577 7320 2772
32 3636 8995 601 8579 6543 7539 4166 7015 7380 6935 6635 273 7442 9150 5999 9761 1257 7842 132 2868 3103 1368 8463 743 7755 1081 4559 392 7305 4243 2913 1948
4 5178 9873 1397 7502
0
27 5866 725 7017 3673 9486 8763 632 5408 8032 9633 7518 9710 5809 6972 2088 8582 467 7843 1255 2059 3062 6955 9918 5240 5320 6441 6614
2 8725 7080
2 9189 8896
50 1307 1545 5121 4684 8862 4047 3058 6927 2643 5347 4379 5332 9043 7663 2576 2171 4598 7099 48 9232 4112 2951 9209 2653 8758 1013 5252 538 4404 1656 244 9611 913 8340 668 8738 5358 2856 1005 3084 5342 399 44 3239 6932 2911 9349 2530 3913 2497
0
51 9185 6544 2683 7586 8254 7184 2193 2475 5731 4240 6302 9103 6649 241 2128 6417 3222 705 4595 9920 5630 6333 6803 7211 1722 433 7137 5328 4283 1481 614 7490 4907 2964 9667 1518 5261 7770 5559 1486 8416 4590 7729 8037 282 1503 8167 5836 1099 7534 9212
32 9413 2265 7132 8128 3505 9361 5529 6864 2244 9804 8833 6815 4192 3267 343 5052 6099 1340 3420 5772 6538 4247 734 413 3925 4281 3407 6224 5411 3609 830 921
53 7701 7792 6253 4160 178 8109 4851 2837 6462 7763 5622 5643 2341 4522 7218 4118 3824 6039 7314 3245 9944 5099 4491 4508 136 7085 8357 2934 9859 9691 5184 3478 4255 3848 2926 8058 3943 2498 1765 9542 3734 9398 8501 9293 5621 8092 5361 6942 3570 9154 4576 4901 6575
47 1151 2536 1258 8828 1730 9798 5900 4158 6015 6711 3078 9815 2928 9993 2935 2548 9628 5417 9769 7104 1046 664 4368 3786 3525 2581 3129 7514 955 9262 2492 6476 4056 8839 5078 5602 1230 2742 6165 8785 8069 9331 5221 6209 25 5677 4959
5 2464 30 3896 2949 1536
8 6144 5339 7544 6506 4619 677 852 3138
