110 7024 8879 5285 6065 8710 1835 4460 5770 4583 559 7647 7978 4965 4033 5610 4620 6802 5253 6357 1319 6512 8468 1033 6897 680 3255 4985 1942 9149 197 3978 3810 2464 3638 5149 8724 7711 7751 4310 5574 5226 1165 1611 9375 8697 1969 9998 3555 3016 1228 9689 7792 7158 5812 7952 5535 9747 4399 9349 1085 4948 7044 9987 5650 5088 7795 9934 6528 437 9462 8664 3684 5044 4168 9063 7451 9515 2445 6933 4611 3090 8334 5936 7987 7377 6179 8877 4082 9719 2818 757 6187 3699 6627 5551 62 4521 3932 9215 176 8174 2922 9299 3716 7307 6639 8589 5943 7746 3954
111 814 3439 4305 1204 1730 3202 8014 3662 6746 6088 6663 6907 5434 8002 68 186 2665 9266 3396 7817 8223 8786 8346 4328 9208 1948 2315 652 7215 6777 2180 8870 3853 2608 1497 5004 2348 2781 4497 832 822 1889 1744 7775 5374 1996 3551 8326 1111 5151 6779 4638 3263 4439 6982 1285 4200 363 3775 330 3627 7533 8069 5297 1970 2517 7492 2392 9317 208 5418 1629 6872 2816 3761 6196 6384 2968 6095 6507 9630 2897 9147 8030 3032 9466 9364 528 1605 7292 2278 8023 3003 8115 8673 6688 523 3732 2415 4972 7629 4623 7188 73 7014 8524 5970 2607 8009 9002 6929
113 644 1554 8997 3072 9538 953 6889 98 2232 4957 5284 4360 167 8566 7917 85 2826 6271 4747 458 34 6440 3083 5904 5987 8126 4720 1191 9667 9903 700 9595 2343 9925 2991 4013 4055 2589 1709 952 4841 4306 6509 5847 651 7130 7369 9341 6299 1267 1547 2704 1294 9979 2682 7586 9633 9916 6930 5006 705 1334 9145 1952 1961 2184 703 8987 6891 4150 6008 895 2007 4129 2591 6069 3664 4142 2429 4894 8904 803 254 6025 6904 5522 5992 371 8696 9513 9905 8345 3771 9203 5386 9003 5155 5907 9947 3391 8539 3962 3674 1031 5158 2935 2652 6425 7107 9755 8244 6198 4691
122 6664 9298 4830 3820 6767 810 2368 8853 1501 5071 1293 1425 7583 9205 9701 4083 8945 9480 5659 7273 8161 6097 8507 9470 9123 2640 5614 2677 4706 4777 7371 1287 5389 5056 351 1471 9510 9359 4029 375 9687 7306 3767 1697 6840 5861 3174 8317 6754 1559 2809 5544 368 5231 6318 2091 7574 424 9867 639 4171 6040 9985 2909 3734 4195 2782 6684 5248 7355 2761 5931 9252 2837 7129 8661 5282 4246 5076 6192 1648 3324 5206 8373 8012 9660 5048 1818 9293 2512 5901 1669 5728 2326 1147 3922 5141 9999 9468 5234 2728 2235 3563 1682 5055 9282 6595 5446 7867 3999 2337 8577 4343 1908 709 6678 3460 7484 5236 3073 9093 8773
108 6874 2238 1510 5053 2664 386 6191 2478 846 3826 9022 9034 2995 7097 2244 2560 7309 41 3022 5011 1939 3790 8399 18 1556 1893 6087 6642 3389 3912 4311 1229 6414 4361 3296 6513 5334 7445 3525 2135 721 9465 3515 4881 2737 6458 6849 42 889 3520 7603 4224 8569 5965 7717 6519 8905 6431 7912 7654 5217 5105 6880 2434 4750 5080 874 2251 8783 7105 1200 2098 2351 8603 1933 3923 5945 5821 5575 8337 8762 3744 8226 793 5100 1362 3829 6672 5919 913 3585 5893 6186 6101 1417 568 840 246 6478 5058 1364 9387 3488 1662 3764 5633 4130 8414
104 9035 6996 3321 6410 1890 9116 9427 3859 1690 6570 6251 5658 9131 5829 9748 5532 3745 8937 8427 6601 5661 7196 3850 2709 1573 3276 1378 6905 7428 9521 6816 1115 6213 8543 947 9065 9059 149 6911 1738 5698 5534 9302 3781 1701 3727 9936 6569 8885 9009 9933 6062 8211 4298 801 5844 326 1990 5087 5867 5669 5036 7861 1872 7730 4502 4970 161 9075 4709 6770 9169 6358 7825 3280 2768 9407 8242 519 3219 8822 5119 468 4088 2741 1125 9368 6304 53 6485 5291 7460 9714 9175 1591 8900 8330 3509 927 7545 3512 5735 7446 8492
108 38 8918 3666 9010 6992 7881 3984 8817 6657 8801 5223 7178 7682 950 8204 7006 6053 4163 5107 5332 7843 4865 1099 1036 649 4415 5383 2638 7741 8110 768 2889 6793 2537 339 9115 1914 2832 3400 2772 1587 6937 2104 7716 8975 3009 789 4109 3645 7794 9410 4757 6134 5210 7609 3640 327 4569 294 3252 414 2927 5988 2357 136 771 9815 9745 7141 7542 1476 1796 1081 7911 7088 2318 4944 5578 129 3651 2583 5214 4449 1693 4406 7673 465 8844 1435 6145 9358 9070 8195 1943 8033 2113 3888 9526 9704 7264 124 4549 6352 4815 3184 3909 1170 1967
98 5439 7472 971 2332 1719 6014 4629 2110 5016 8596 345 7009 4223 1175 5135 6727 4274 2777 5625 6694 9618 5219 2752 9789 3421 9481 7895 6323 1312 4413 7554 5111 2386 5636 4888 9384 5600 569 548 9157 3166 2937 9629 8343 8893 398 4715 5286 5710 5264 6047 3427 8181 4730 7037 7179 5415 1619 5876 6252 6086 9674 7505 2953 9420 1962 3361 9833 7935 5839 6651 3513 8347 8774 6985 1177 3045 2960 9591 8460 291 8474 8219 2833 4600 3468 4672 4015 1691 314 1474 6565 7122 9537 7597 5480 8820 4236
110 7329 4327 8083 9528 3635 6224 4096 5195 5707 9137 6593 1947 2993 2804 9084 6817 1555 7734 3476 3890 6764 4809 6710 4179 1595 3673 6620 7316 4040 8303 8246 6781 6436 4006 9896 8532 8458 6506 3106 7522 6104 281 9199 9148 3347 9781 7408 9292 4145 7963 7859 6775 91 8852 9058 3688 3883 2294 7251 3813 9594 6742 7240 8563 4581 7712 2163 395 9039 5862 4203 3547 7167 7696 989 4648 9141 6111 2944 5377 9965 8473 5256 759 3579 5259 5041 3811 658 9520 9328 7587 8236 9415 6721 4446 475 9015 2821 426 1259 9496 6824 4288 5785 6407 7759 8518 8857 5957
105 6814 2835 2321 6144 2949 4637 5676 213 2097 8229 2204 5896 8584 8553 8961 1338 2206 3208 7631 5956 9005 4652 6626 2101 8167 9388 5362 834 2349 1198 1412 9110 2467 3927 6368 55 369 1806 9376 9217 8101 1211 9801 8180 2359 8650 410 3027 3851 4883 9640 1288 9546 6109 8355 5136 1440 3642 9970 8615 2794 772 6382 3060 8891 9077 2570 3842 2281 6248 5713 5868 3008 6184 2844 6732 1234 9653 3882 5443 8145 7345 8166 7281 4718 8217 7703 1016 1180 78 9504 2111 5295 8388 8118 8450 1500 8235 1340 6209 6691 7897 3283 9088 8374
92 1030 3723 7396 9483 2041 3605 6169 3449 4548 4069 4909 6590 2222 1070 4199 8196 5628 2948 1470 8031 4112 5241 6961 3050 591 975 4772 2679 1235 6728 6888 2399 4684 7347 2496 2268 4296 5941 7846 7747 1457 2376 7659 5040 3419 6160 8713 4435 5327 5963 635 1767 1279 7822 853 3726 8157 5270 5533 3226 5584 7821 2654 6463 5873 3897 182 8523 45 581 9768 3969 9201 9258 8588 4783 8234 1360 3710 5243 798 1495 1599 7046 1542 7298 8065 3759 1000 7858 7203 2159
118 9304 2140 5436 8715 8612 6338 4852 5663 1223 5978 7386 7467 1561 358 5490 2240 7955 4892 6170 4054 3997 9198 1756 4037 2469 1286 8705 9419 1005 4695 237 4348 5916 566 9323 1695 9055 1779 4836 5456 5771 896 8432 4457 3847 8686 3665 380 60 776 4367 5511 1529 1677 9554 9536 5449 1977 6194 5959 4519 3292 2939 2236 973 3337 6673 1620 981 7800 8494 1284 4320 8738 9609 1532 7080 1795 9021 165 5252 3098 4692 9517 3752 2439 2201 7048 3088 348 8130 9446 6906 6700 9257 2058 4125 3348 2740 9091 4135 5519 3250 3070 2842 8910 1812 808 9927 1004 5054 3130 542 1336 7121 367 8318 8751
98 1836 352 1911 9575 9823 209 5289 2714 1461 7715 7419 7358 1678 8454 9202 4867 4835 6050 6852 4181 6039 9597 544 3046 9484 8146 6896 6980 7303 4244 7011 4814 4308 3307 5971 8787 7850 6403 5841 9386 3573 9190 8985 8238 2871 9052 2692 9744 5193 7340 4319 9780 543 3397 3646 3491 4612 9176 6662 9907 9877 9426 8001 6188 9946 6881 9045 4614 8546 1632 3977 8062 9648 5104 756 4911 7213 8397 429 1564 7191 8587 8634 3406 4566 103 1905 8508 4432 2793 3227 8502 9355 682 6498 1051 9369 2509
103 1546 6326 2173 2711 9954 2911 4786 4921 7189 2119 9150 2581 8057 1116 4628 2340 5050 6868 132 9142 2841 5716 9812 7007 4969 5769 6717 9953 166 1711 3568 493 7941 1593 5198 9884 9565 4071 9906 4139 5492 1909 64 9019 9956 3541 5307 4295 5027 1429 2999 6036 2916 3121 8133 1628 6437 9529 5435 8642 4388 8921 2293 9688 8943 8037 9678 4947 7373 7949 1521 6714 9411 9046 8970 3942 8711 9367 8967 7258 9128 6544 9868 5540 6520 7801 2792 3335 48 6375 9448 3692 5238 262 8218 338 6204 9351 9981 540 3943 9347 653
102 4456 2105 594 5560 2490 839 4603 121 2352 5748 3722 4473 4667 5007 3523 4074 7783 7553 3696 5392 4931 6467 447 1453 7429 1100 3231 982 3832 4323 3278 4685 922 4316 7726 8080 7576 1242 2769 5189 1537 4613 7280 8862 297 4634 7199 5344 1973 983 5923 6559 9121 3386 1079 4721 9161 3669 713 6438 3928 5898 1260 415 8813 4594 1459 4660 2926 5974 6488 2082 5613 3534 282 7456 2617 8186 8775 2552 3580 775 3331 4267 3151 1865 6797 4375 4877 454 2395 2779 2940 1190 9356 1656 3354 2075 3059 3126 2921 2382
103 8053 4347 7833 7785 1528 6976 3249 4032 5508 9784 2947 5314 7616 598 4090 6618 7805 2590 2854 2849 8797 2050 3769 4051 6605 4001 6487 2641 9762 6000 5672 3501 2164 2568 8464 7344 8922 1227 7146 6608 5889 7248 2606 6092 1929 1575 8470 4538 3001 1541 3792 7364 5325 7556 9657 4935 3329 9692 5357 2137 626 8840 5509 6419 5642 160 2859 8991 3950 3840 7136 4917 1944 1258 4369 824 3503 857 8170 6324 3619 102 6024 9848 5215 5180 9001 3595 6987 5153 4256 4176 9475 4261 8299 6298 9637 1157 9122 4253 6741 7582 8422
110 7479 419 8624 8466 647 5813 9818 529 1047 9980 741 7901 7611 2542 2855 604 9702 6718 8197 142 6859 496 8597 7287 7740 9967 7733 4161 3985 5343 5134 7916 3318 6049 4337 1407 7391 8729 5563 5235 2743 9472 4433 3176 6643 2455 5911 9464 6348 7528 3689 9838 7234 6446 4386 6314 8035 2933 8582 4537 5225 2449 5047 4580 2800 1932 9613 2314 383 9240 6420 819 3108 9902 1141 8200 8962 4020 2881 5321 2126 1825 7744 1427 9690 9362 8929 7968 6214 4515 2083 7066 7841 5 2681 609 3510 1659 1563 9588 2329 5697 5878 3387 1251 1680 1520 1775 4533 7077
111 8131 4606 4231 1057 6702 1108 4540 2762 4812 535 6265 8572 3077 5673 8440 1367 9048 1316 6490 1827 7581 2630 4977 794 3015 2919 6630 185 3235 2866 4321 1083 2026 2713 452 7151 266 1530 4555 8886 6171 6031 7908 7279 257 1609 6313 3917 3094 6380 2825 3702 4632 3870 8047 6693 1718 9353 175 6877 2414 1419 9564 666 2705 4056 5704 3253 4725 9617 9524 1053 8576 3730 6366 7854 7244 6846 4837 4551 796 2459 9127 425 2279 5310 59 6180 6677 4968 4183 2433 5859 6208 5580 3877 2997 4374 385 7560 9541 5188 7764 5262 1264 8794 4172 7338 8222 1296 2437
106 9437 7333 6281 8378 942 8707 15 910 2311 2418 8434 2839 4465 5639 2597 6785 4979 1667 7845 2843 5142 5660 1369 7123 7389 4934 7434 4060 2059 547 4249 1230 2458 9776 417 3223 5112 1577 8029 1460 9972 5787 6692 1571 8939 3955 2466 3313 9067 2585 7310 9769 7966 8758 4726 7174 9693 2544 8898 5865 2985 7025 7056 8874 3349 5863 9937 3770 4785 1904 4739 4481 4650 2385 6285 2676 3489 2185 9004 2959 7109 8614 6654 470 3161 561 7940 2557 8645 2584 7780 4943 9108 6143 4885 5624 8978 2430 6514 9467 1814 632 8215 9494 9413 9287
114 4479 9041 3889 9143 2785 4355 9711 3993 7535 9080 1400 7985 6343 5315 4591 2602 3772 5831 6006 992 8098 8168 9726 6401 9698 1402 8262 8868 6360 275 8941 8685 3029 7276 9185 5034 8972 2209 8405 1925 8051 4254 8935 8559 8000 146 8456 6991 6864 9598 7488 4776 7781 8061 6810 7547 2891 6981 6262 9336 9474 549 8744 27 9746 4461 6297 8793 4154 7089 6243 6041 9066 7481 4259 7241 5066 4743 2282 881 6555 8332 3496 3911 5091 765 5079 72 1974 8973 7823 7664 6181 9832 8292 9503 7398 9220 4995 556 7416 1545 3048 2017 1088 8902 8288 5684 8413 9766 3618 4558 2577 8691
110 2550 1602 9736 7262 5961 3311 6310 4845 278 302 9423 8054 9370 5396 5840 849 9552 4429 7224 1185 8932 2037 6077 3789 4939 276 2136 9270 5201 3374 3199 5767 5827 522 6736 1505 1098 1930 6154 7957 350 5934 5760 2756 9511 4156 9196 4794 1539 5565 7230 5417 501 4385 6892 6454 241 6944 1347 8338 6161 3433 6177 2169 9006 8419 6010 7702 25 3924 7474 6716 4518 8084 370 955 8536 2808 8059 7348 6975 8266 4823 2883 5778 217 7981 6242 5914 4283 6258 5860 6947 6894 4534 1617 8044 9539 3623 4486 5856 1438 9665 3266 2074 5547 2867 5568 716 9204
107 336 6615 7960 8692 1363 6682 3137 1685 8687 7331 3282 7904 3602 5604 6374 2313 2454 861 3382 8573 3934 8798 5601 9013 1217 304 6378 8658 5113 2879 8701 3762 231 8482 3809 4694 8946 6622 1960 830 9928 7866 6786 6453 1627 5724 1816 4774 2969 7325 5051 5870 1420 1492 764 6046 5975 6931 9628 194 8690 1873 3874 4528 3564 1318 8679 7421 2370 8790 9168 8496 2981 8598 4235 8192 51 4402 5015 8295 6011 9777 4036 2396 3725 2094 6112 1592 1782 2657 2187 7119 823 3803 8147 5335 6823 750 693 7144 6671 5406 1152 8177 2529 8990 2801
113 1705 6928 8591 6391 9062 4068 8300 4149 596 5542 8915 8586 2511 9929 661 1788 6649 826 4208 3631 3578 9071 9170 3601 4034 157 3238 7221 4978 8554 9650 5815 4732 5530 6625 1454 3731 7186 5634 9791 5005 8911 3626 6081 6392 6830 6124 5268 3558 9798 4459 5140 7432 9737 4630 4997 6480 1824 2693 4659 7688 8982 8255 9974 8580 6988 9644 3408 7829 1728 5495 5445 2188 5523 1753 6207 2672 8477 7699 8239 4535 8282 4198 118 3139 7894 4771 6703 5854 3885 6218 6370 7666 353 7216 8400 2133 4760 8659 767 3410 8424 7515 1838 1472 7305 1477 502 5946 3967 5894 4076 1169
97 3271 6356 8807 5308 8026 7687 8268 3926 9757 6339 9623 2634 9296 4384 9900 5186 4118 2923 2827 1698 7852 648 6223 1514 7914 7925 4284 6510 6146 1658 2028 8488 8500 5444 152 7758 5455 8681 7622 4182 2131 3866 1793 972 3392 4234 6269 7399 5274 3937 9803 411 4536 2471 5240 8187 5126 5948 69 5952 2507 4103 1999 8402 8165 8443 1647 8608 2142 7161 2716 7247 3064 9309 9486 3066 4165 6782 95 1848 6855 2259 5278 3182 5832 8763 3892 5167 5502 5981 4590 6465 8531 4755 2980 7991 6794
100 4131 6066 5352 8592 4924 3023 7223 5626 7205 7848 8142 8920 479 9861 138 6704 8085 946 1026 8527 8305 9917 6132 1936 6256 9069 4499 8727 3243 7920 3192 9153 9590 106 1321 8963 9638 3138 1843 5908 3701 4828 5399 5370 6731 6761 4546 7090 9543 6175 2339 2334 6131 7879 8497 9805 8243 6259 8968 9473 14 3788 8895 9008 5340 1503 4300 8043 3652 8969 7466 433 2582 5789 7496 7510 9894 3933 9790 9718 7851 9600 5401 2196 4649 2501 8087 7513 3630 7294 5982 2663 7010 4307 8370 7671 1222 624 7600 6125
112 5954 1059 5802 6278 6922 5496 3147 2035 1390 6268 7778 8111 5309 2971 3343 1640 2027 3446 5351 9787 6429 1172 5834 7015 4428 9 8109 5097 3122 3234 3328 8406 6149 5674 5029 1430 3422 1375 3677 2114 6631 6844 7173 9869 2092 9171 2250 5028 7049 7828 2739 3117 6834 615 6018 4045 154 4318 5947 6948 8225 4184 6871 8684 4741 7927 9125 7060 6668 2877 5569 1560 5980 5640 5925 2362 2955 4226 1912 321 2790 6361 4926 8341 9424 5807 2487 1380 9158 2267 7835 6581 8459 3567 8976 4805 2262 980 6832 3586 7657 1485 61 2952 4524 6637 7184 7990 3462 1090 5070 6612
102 8214 4475 8272 9786 3464 3221 4520 39 8436 2601 5037 3884 3787 1 114 1359 9706 7321 2828 1773 8578 8386 6809 2888 1308 8366 8512 1133 4338 9209 8052 2896 3952 8209 9978 408 9418 2112 9159 6433 1637 4291 5792 3051 583 8528 557 1164 8020 4430 6898 7000 1760 7975 9992 3947 4416 9634 3171 2106 8224 1880 8728 5913 9216 904 9811 4111 2683 7646 2322 2678 214 8766 9380 3974 9223 7842 2806 4801 7385 2038 2475 1491 4916 503 7332 8158 4641 6656 1692 6739 3254 5427 602 2054 2219 2401 2179 4981 9442 1144
101 2042 2751 1002 9866 3848 5333 8010 4503 4882 3511 137 7880 3264 4105 755 9725 7642 6068 7720 5160 8172 5303 7301 9120 6173 6456 6231 8091 8452 1759 2912 2072 4712 6411 259 3155 5279 3042 3613 5293 2276 4452 4258 2463 5657 4048 376 232 6808 9106 7579 7206 7969 3144 6390 6548 6423 4674 8871 47 7563 5730 4003 7947 147 1148 865 6469 8809 3163 8882 9850 7308 9683 9694 5412 8680 2060 6089 9514 539 8504 3423 2425 2988 1570 3405 4607 6535 5239 6862 2857 4303 6515 743 3430 9593 8878 5183 120 334
107 3150 8843 9695 7261 1135 1888 6333 7210 5393 2906 9492 9047 9273 5182 5855 9401 7893 9271 1837 5734 694 1757 781 4107 328 4442 9348 4577 592 6457 6923 7514 2848 2974 3693 9340 9495 8826 9731 1203 2338 4185 6078 3019 4787 5667 490 4230 4354 8827 3656 6957 5124 5722 3592 8931 7668 9138 943 7228 170 2936 6641 3816 9913 1250 4221 2587 5165 6768 5042 340 7395 4138 8258 2331 7549 6903 1958 4061 614 5461 1598 7302 8663 7086 8122 5517 9751 7110 7771 1110 3649 9283 7069 5465 5014 1406 4907 6279 6195 8796 6603 1988 3287 2846 13
108 9274 4541 6055 5790 1644 3200 5723 9839 1213 283 2783 1845 7490 9206 5627 9527 4268 6229 7876 4844 9100 8743 6082 6033 9417 3825 2600 432 9507 2149 4237 5583 3860 1095 9968 4876 2966 606 8395 880 8560 9549 9808 9820 6675 8483 5869 4175 1060 9129 7871 7106 704 9211 4564 8280 2951 4610 2572 9764 8995 2079 9899 3312 4693 9898 6372 4087 6363 5137 9225 6476 2212 3698 8359 5843 264 6293 3886 9646 1182 8320 6679 494 4592 5171 6965 4864 2760 7824 2495 8493 5078 2255 3054 6861 3768 2603 5951 9579 6667 9779 6056 5002 2165 9741 7297 443
105 3815 1712 3344 9578 7807 7016 2984 9489 1527 4658 7047 2717 2934 9957 107 1731 6854 5043 9246 7870 3538 7156 3996 5067 7816 5429 7042 9943 3436 959 5157 7501 6925 9740 8071 6202 8335 1924 9699 9500 7394 570 3758 1114 8550 6020 7770 6210 9284 3326 6307 9828 24 5114 567 448 8082 7438 818 3245 104 9642 4765 4626 1830 3983 4492 3903 90 9573 1922 9982 9550 9256 2047 3432 4345 8517 5311 4255 9231 1306 7187 4477 12 3153 2904 9255 8653 7996 3799 6856 1418 7592 7245 8004 3633 1707 5123 9458 917 9343 8649 3576 3593
106 1876 6462 6083 5498 5937 9396 5220 3247 4192 4495 5371 1136 4886 2954 8789 273 5474 193 4407 6970 2118 8949 4509 9227 4645 3024 5482 2754 3704 3919 4547 949 5185 7227 872 1752 7209 8869 848 3256 5962 7776 4717 6200 472 1225 2983 948 7160 3398 957 2442 4240 5164 250 5441 3961 1762 6016 6220 6058 3213 5045 2675 580 5553 5120 4042 2121 8938 5562 9622 790 2805 9228 3629 6270 4187 2076 7185 6774 4173 9490 6938 7409 8836 875 749 4287 8387 5703 6301 976 5292 1297 8046 3473 8042 4372 7018 1673 4601 1699 4421 6151 3272
104 8768 497 7933 7453 5489 7350 392 1048 5656 5300 6337 5228 7023 646 6117 449 4859 8605 5828 4067 474 1713 5110 2660 8848 2882 3610 2070 6847 5653 1478 2051 1247 1854 2260 1271 3951 2905 8040 3958 6537 2365 8540 934 2763 5794 1274 7427 8240 4356 2829 347 991 3322 5998 611 4998 769 2145 5269 560 679 4242 1096 2945 4873 1638 1303 4800 2764 5693 1291 3479 2086 8094 440 2406 2994 9809 4447 1403 5385 3472 7226 7057 6359 993 2000 256 3569 7053 6686 2655 1199 9816 2514 2894 3101 2510 4597 3390 1040 2319 2350
106 2563 400 9114 5588 886 8275 3049 5835 4191 8644 6004 2120 4392 5375 9289 9173 9955 1742 8829 8381 8457 9930 111 3524 4974 7922 6526 5150 4141 3303 4866 8958 7728 933 6142 7819 5930 1384 4132 9085 3502 6288 6239 3385 484 6107 1484 6135 8565 2727 5731 5506 4209 4110 7256 162 597 1084 2345 687 8319 8511 8249 5163 9545 9837 8420 518 9130 6997 240 6806 9455 356 4716 4484 8616 9961 7283 2095 7763 5075 5902 6216 4174 8519 8746 5497 1515 7714 2506 2372 5030 215 234 7698 4376 9360 8981 1863 7798 3780 2651 2653 3118 3485
108 4609 4928 8201 8365 5543 8564 758 7972 2847 8542 8593 5924 6496 1502 9027 7655 3905 1953 9592 9995 4698 1117 3653 412 1443 5581 6494 7926 9865 7417 7958 7930 5926 9845 4940 1423 9505 4148 8369 2139 4008 6575 9342 1842 9800 7790 8216 8260 5108 8063 1103 5680 878 8666 5402 6932 65 3456 8005 538 6347 1735 9236 7075 9761 7017 9901 8435 9329 7448 2292 9074 8916 3440 3365 3327 6422 3970 3169 8442 3827 2307 9508 3914 5701 324 6353 9478 6308 1954 3110 967 7508 7660 8245 7653 8107 1268 8551 7596 8149 4444 2524 4633 8205 8418 6502 5187
122 3360 1721 8471 5200 3134 1882 8248 3527 466 3239 688 3972 5376 2031 4485 7959 6163 3936 9366 2494 2190 7029 7195 3785 8449 1184 986 8928 6503 8185 5833 5420 7814 4655 4304 8135 935 3288 9525 8782 7232 3537 965 2941 2033 5564 5972 8896 4810 5820 2191 3516 1167 5398 4301 4427 1750 6884 8265 1013 1401 4819 6580 7605 8159 7962 9286 5780 6917 2706 5012 2116 2200 7459 3294 6597 9194 6921 4975 5649 3695 5666 672 7219 7709 5397 2817 4544 8350 450 625 7263 1262 3142 5266 9723 2759 7753 5797 6958 498 531 2023 409 7885 7343 7103 8116 9841 9154 7810 2024 9971 7236 7918 2485 1074 662 9117 9319 6936 2085
94 3545 7401 9559 402 2973 9083 6857 8233 732 4847 9000 6705 2353 7349 6765 8688 6966 5689 5594 5745 9948 7811 5095 2046 9397 207 5623 9112 6599 9813 9717 6910 1724 4904 4703 4604 572 1020 3697 8816 6553 5410 9855 9456 6984 6594 7749 9697 4359 8669 5671 7475 2491 6978 6495 2521 802 5712 6562 3904 3086 5447 6057 361 3632 6155 1986 8032 3378 1799 6291 9097 8151 5516 3217 9778 8847 9064 6719 4872 8674 4169 164 6635 9958 3105 1981 9754 9278 8495 1215 8171 4089 2394
110 640 268 4951 7337 8072 1482 5910 3116 9377 5414 6683 5529 9294 4297 5486 9361 2625 5545 5052 9669 4858 2308 7567 7319 4418 3395 6237 6882 3177 8721 6747 4009 3559 4189 3532 8561 1277 4846 3589 6167 6995 5345 2021 3188 7311 1708 1765 3791 6156 3906 6606 4605 9441 8348 2978 4806 7942 1751 9830 7100 885 9707 1315 9721 4895 5411 9181 792 1700 5168 6309 8693 8190 9796 155 8331 5394 2473 8940 8571 8291 8270 2666 9011 3031 3808 1104 5170 9950 1129 6875 527 8448 5686 1772 8819 2778 7339 1370 513 9350 5986 2858 4351 4400 2559 8892 8633 5404 8821
109 180 4349 2746 1341 2138 9322 9193 7040 8367 9245 1516 4871 9007 3861 9189 9453 5178 5552 1927 9897 394 5652 5940 9534 7476 6331 2194 6408 6084 8689 7071 2269 9104 2632 8926 4574 9586 1941 6312 9390 269 9248 7521 833 5146 4366 9892 925 4791 9571 754 2758 6427 3191 5819 3498 6647 589 8567 9844 9275 4178 7118 2950 9092 8075 2543 5405 7260 3295 6289 4697 7041 8841 7299 9742 2389 1290 190 2870 9963 3864 2324 9263 4753 6541 7669 7831 5960 3566 8865 3096 5227 83 7478 5638 3835 9253 9321 9859 864 7098 1809 2649 8638 4335 9994 3639 9327
111 6300 3565 1586 6193 7679 1558 3330 5503 4589 8183 1192 5472 8499 4559 8913 7907 6497 8912 6206 9794 3756 3165 2103 5017 1006 4653 8322 4984 4552 1725 8198 2914 3690 9516 2312 6468 9664 4331 2305 7742 7509 9939 4702 4417 8814 1776 7628 2405 9502 8734 6916 1864 4453 9036 178 8162 3341 6993 5316 4596 6685 5283 5085 5018 8364 8203 2508 5743 9728 2477 8646 9029 8105 399 806 7552 3807 6402 1156 6949 1869 4661 6500 7658 9825 6748 585 5602 8389 7973 5630 4686 3703 5245 907 1089 5799 9429 1329 1858 5877 8193 7268 8342 9491 1044 6504 8548 6837 8416 1348
101 9213 1221 2344 6102 9107 6926 9280 8568 5117 6583 1194 541 4108 9325 1014 3071 2223 8278 893 8027 4989 817 9053 4099 6831 9457 5430 2089 9951 8716 9165 116 7093 4014 7050 9587 4964 9666 8837 4526 6549 1774 2008 6784 9269 8302 6103 3205 388 5109 9996 656 9973 5903 6660 6986 3522 188 7705 6676 3425 5617 3230 3228 5750 9889 58 4482 5326 3852 7902 1896 9582 5099 9870 5909 2852 1794 5469 7265 6369 318 4542 9878 6977 3222 8089 2622 6435 8993 406 9911 2421 1770 2703 6589 6388 8463 5378 9988 8595
99 3206 5000 7612 7623 2915 8086 9254 9195 7208 1426 4665 5949 3490 8293 6557 2707 654 4408 5320 7402 7994 7154 1207 5737 364 8831 995 7983 6240 7847 9412 5192 8720 4116 2354 5822 6819 3075 7694 6927 9230 7304 3774 6556 3777 5267 7504 6266 5764 6762 4177 3441 1576 2040 2726 7803 2525 5825 5918 4608 3584 3740 1480 2411 7181 3817 2627 8717 8136 2645 8606 8179 6737 9739 5330 3880 8382 500 8487 9923 4994 3753 482 8923 8008 9382 1034 7237 7352 1574 8102 3935 3965 6128 8090 3487 2659 9242 9989
110 2039 6332 782 908 6473 8212 9132 8188 852 2207 8581 8383 6951 40 520 6848 6471 5359 8088 3298 870 7341 5621 9060 2946 8076 8078 3849 5491 1067 1035 8429 883 8780 6666 2588 1807 2569 4260 6964 7091 7863 177 6572 6274 1076 5609 7211 8966 8815 7125 6027 5866 2565 3795 8989 746 1732 1052 6075 8428 110 9320 8547 3375 9932 1641 2316 5132 8832 7543 8175 6756 6886 2730 8314 3310 2482 1645 4204 1931 7284 2371 4722 1722 552 5647 7685 6529 7974 5513 6230 4973 7588 1534 6788 3577 7076 1983 3185 5049 5887 1829 8785 8437 7435 9975 5373 2599 9334
105 722 5432 3957 8349 3975 2504 3709 6841 7950 3507 2791 8955 2123 7001 3988 978 7120 126 1445 5173 1533 8394 7443 2656 3683 8324 4622 9819 86 8802 5367 4476 7082 36 4315 1154 5407 2689 8665 6443 3160 3736 7471 5265 3806 4532 5507 8155 2869 50 4893 2239 8800 5518 599 1683 2500 9893 5390 729 3393 6610 2902 9834 7913 434 1202 9444 1650 156 9218 5288 6652 9324 5250 6381 6254 8241 9020 6563 2908 515 8777 4122 997 6893 4673 5451 6912 9090 7220 4265 4302 1322 2005 6729 2546 1945 6221 9452 3346 7575 1781 7229 9160
105 574 1643 629 4849 638 2178 3342 5318 6771 9918 2441 3076 3189 5864 145 7735 3379 5645 7595 393 5851 9849 1257 8154 9576 3193 1046 1980 3195 7336 7791 738 7164 4257 3915 9344 3836 6950 3053 263 8535 4875 9136 1421 7562 3211 9852 7255 8585 9879 1857 8514 5459 285 130 8860 6811 9941 8353 7713 6983 7092 4941 3650 1381 4513 5479 5655 6263 9431 2972 322 4214 6501 1302 5263 2417 8574 5422 6085 451 4022 3658 8959 4966 5175 939 6424 1817 2595 2776 6319 5905 4190 8930 6632 7755 1153 495 7450 52 9656 2502 7892 5826
127 270 6952 4342 7598 2290 5897 4679 4682 1562 8735 8610 9180 1238 3424 1195 2452 7789 7544 1214 3989 2822 3535 9821 5464 9182 7681 7809 6924 7971 9632 1850 8207 1196 271 8812 3497 1300 7650 2422 5242 8745 9416 2132 2669 5756 8950 9727 6158 7128 3338 1122 7998 9339 5294 1819 9535 751 8297 7003 125 76 1630 1037 6362 4925 3368 323 5504 5409 6250 3435 9730 546 2967 9631 5475 2476 325 1676 7313 4035 923 7365 3039 5121 8760 9272 7570 9677 2247 3494 1354 401 8034 312 4514 2287 4383 1900 8301 1797 2924 9944 1205 8808 1704 669 9221 3660 7663 8662 5664 4562 9432 7620 6661 3025 7928 2061 3875 3416 8481 5791 8256 8068 5875 7392
108 2757 641 6803 1531 21 8863 8113 7524 618 4491 8611 8503 5232 7426 9295 5696 4202 7678 3714 8123 3269 7012 9238 4382 7152 8213 1462 603 9720 4164 734 2526 7030 7176 8636 9249 6883 2243 9267 7165 5993 3237 6534 4227 6009 8011 1568 1456 4676 3007 1906 8834 7676 3872 2358 5346 906 5233 6447 1766 5984 9162 9584 712 8371 184 4554 4727 9031 2623 9197 8103 8384 2838 4971 9696 5312 6246 4625 6211 4593 4167 7674 2210 8139 8286 1569 5470 3742 9188 6838 3267 7116 964 6789 6379 3033 1428 4027 8682 7115 1080 8903 2248 9099 8003 3470 5328
101 1349 6827 6582 7986 5726 3186 4451 4309 4768 8677 2170 9847 9445 6093 2710 5454 8947 6421 5906 7993 1151 2470 1424 762 1473 7468 9724 7274 9124 6895 7849 3157 6183 3528 1212 1508 9259 7252 2198 6038 1358 8544 6400 7559 6464 6492 4584 7063 3493 9487 4455 2150 8526 5595 4553 5749 8859 82 7844 6699 1113 1903 5197 1634 1624 5280 4681 9875 5775 5858 5115 1951 8119 9743 9649 3719 7439 4133 7323 8153 1935 901 4445 9155 1565 2538 6870 7477 7723 4072 3080 1475 7207 8942 192 4556 7013 3388 7031 4233 6405
107 9233 1276 9126 7054 4987 9612 9616 4411 4627 4273 3869 1455 3038 1289 4286 4646 3413 239 5549 3822 6482 9301 2158 9862 6415 1881 2513 5347 9681 996 9876 9772 7686 8704 3006 6351 8883 279 1754 2275 9488 1956 4019 9668 2012 5953 8590 5138 4007 8620 2862 9563 2090 7447 4874 7718 4285 5408 9990 4070 8541 9753 7497 5273 6990 1022 6067 600 238 9583 3543 9977 2695 9498 5938 1387 1015 8505 2636 7838 307 89 1010 8609 9312 8537 1342 8702 6130 3608 9885 683 210 4838 9111 5144 1883 9395 3801 2174 6617 6238 6552 6168 9265 8354 5592
111 8298 4102 222 8232 9477 2018 9624 9247 9682 5781 7415 2346 2073 7578 5128 1714 8006 8558 6760 2731 9835 1784 3095 860 7766 8934 8285 4738 3858 9620 4817 9061 3183 2284 4080 4166 3557 8178 9026 3819 5838 3359 1987 2087 9574 8861 5539 7159 8064 8619 4483 5715 9806 1578 9853 2796 9146 8846 3465 3916 9920 2451 9708 9856 1189 4380 9627 8613 33 3833 6994 7979 221 7750 7640 7413 6638 9802 7643 7964 2612 2408 4017 9645 2685 8510 5460 3190 1027 405 7324 9788 3841 2907 9311 300 5384 6461 692 7869 2304 2214 8441 9771 9621 6264 1610 4842 7126 7038 2226
106 1840 2438 467 586 6744 8647 1404 7131 79 8237 303 816 7954 7028 7729 9210 7022 9234 253 6005 4365 4496 7425 3037 8148 9057 9372 7577 1451 6470 9135 660 4063 3536 2823 1746 127 5302 158 6858 7318 5428 7422 9558 9428 5129 2942 9909 7610 3670 5350 1777 2481 9103 5260 8778 4734 7353 109 2129 6152 3800 44 1263 5073 7112 3987 3561 7548 6185 195 3308 9166 4687 7182 1918 3236 1256 5727 748 2956 7529 4821 280 7099 1966 7625 1120 1849 9831 6345 9792 4466 4398 6531 2499 2102 8251 7180 5440 731 7267 7599 2913 1383 3682
115 3102 6448 4084 4336 8007 6396 4160 1422 5159 2802 9250 9207 6863 6591 7652 7896 8491 2030 8876 7155 7855 8169 5643 7677 2416 1957 7238 6073 3540 7999 6029 3705 2400 9073 7473 1121 1183 198 2562 2807 1374 9261 413 9836 6843 1706 7874 8971 6566 1024 7719 4770 3544 7608 5783 9969 8070 899 8077 8579 5471 8617 3508 4039 7033 5853 3212 6115 2443 8656 8838 7064 5013 9602 9326 7065 9178 8899 6484 6277 9670 9686 2522 4955 8714 5566 9119 2814 966 2448 2115 8732 7644 2203 8737 2811 9316 8884 8811 5607 8358 9662 718 2146 4330 2325 7039 7889 9912 3152 9713 4136 6395 2323 491
100 7692 590 9139 9281 8138 3065 1311 2001 2749 8372 8654 5338 8056 9024 9305 3873 9774 9635 6080 7300 9532 7393 5550 7967 9078 9585 5806 9345 9611 7171 1919 9338 7193 6110 9200 3314 463 2462 2436 5021 2845 6860 9857 1589 2067 7454 6901 1785 1786 9675 9880 1934 3718 1299 9460 9921 8739 6019 8699 8092 7253 4723 4930 9881 9251 3749 7084 525 7506 3420 3158 979 2864 9799 2310 5558 7695 9133 2943 7796 551 9924 7936 5380 8618 4635 3871 9152 3317 9935 2880 1272 4247 3621 8670 938 331 7166 4026 9435
108 699 2328 181 1822 851 5419 7002 4778 1655 825 6851 9479 1344 6878 9443 7956 9555 6842 9782 1580 2567 5022 7286 9795 4575 6059 3518 6715 1356 9174 3229 8709 6511 8675 4155 7984 7989 4820 5754 8749 8356 5732 4151 4804 1959 4312 2938 3552 30 6295 3463 7372 471 9910 5932 3894 9873 2234 9722 5476 8875 6455 3261 5448 8480 9544 1055 4290 1246 4458 1636 2263 7905 5387 3784 8096 9604 9144 9807 6336 6032 2527 4834 6303 7909 8956 7457 9056 8112 4081 858 8227 5023 7585 3659 8284 6330 7613 9993 6235 1106 1123 7382 3902 655 4279 9729 2217
99 4412 8771 7096 444 4713 897 8125 8231 5524 6070 8740 8325 9051 5025 255 4222 2900 4079 4370 7706 5738 6232 9081 8310 617 7767 8806 2515 1898 8403 4900 7782 5437 3920 8718 2003 7830 9842 3486 8765 987 8887 9601 1518 9330 8134 4754 1612 9363 7170 7458 8719 4500 5202 9237 8273 1220 5999 9079 9760 8276 6934 7773 9335 9679 8021 4664 524 9222 8274 5337 6973 3242 2493 7566 7836 7177 7440 3028 3908 5319 3617 6354 7108 1566 8632 7992 6481 7565 1001 5705 7052 6689 5477 3452 3325 1891 5077 3201
105 1458 296 5762 7944 7334 1811 2274 6585 8294 6759 511 6245 2531 8114 1496 6773 612 1292 3846 2195 1517 3093 8391 3259 131 4766 8880 6398 1379 7494 3180 3135 645 2899 9422 5720 2062 5721 4119 4707 420 1350 2539 7523 1802 3141 6968 7 6723 7900 4571 1436 6060 9134 2614 4748 3143 4763 8184 3956 9561 1522 8575 8408 2099 8423 1870 766 9163 6769 5967 77 9501 7634 5616 19 7061 3478 8191 3748 702 7430 7139 489 4269 7368 9277 6387 5590 4333 9945 3637 510 3743 5915 5985 3005 856 5950 4573 1758 5060 6681 6963 3481
114 2578 7793 4211 2199 8150 6713 4914 5031 7296 4188 9260 4962 5485 914 7423 7632 5690 6971 8357 6550 3428 1780 2892 2474 3366 3946 2335 5700 7932 6074 320 7004 4644 4012 9570 1464 1867 8752 7519 988 3214 5102 486 3854 8919 1091 2734 7315 2724 7826 3530 5181 359 3778 4270 2723 1874 9997 2998 57 4870 5177 8810 3471 382 5379 6900 5299 153 7068 8599 1179 7404 2088 3232 5213 7818 6574 8757 7517 8498 7953 4436 2519 9404 797 7243 7754 4616 5229 7072 7406 23 7635 7218 1985 6272 2661 3741 3896 4897 1008 1543 5598 6334 2673 2192 2605 7142 2872 8484 8289 871 1921
104 141 9447 5786 8074 3480 5209 3973 2069 5773 4248 2637 2423 5725 3671 252 7259 7036 6850 6063 1984 6172 5635 1737 5599 5341 8556 892 7101 1604 3103 3634 2876 3735 6217 6121 2049 6003 1572 4788 4737 3461 9926 4666 571 3838 7148 4215 5845 2066 5755 1839 274 3596 8140 5969 1324 3417 5694 4425 2384 5883 2375 1371 4339 1832 5895 5057 7630 6 6730 4252 9569 8672 1073 4467 1343 706 5032 1748 5305 2592 2576 4993 4913 698 6518 3831 3380 2771 4565 4379 3092 5372 2725 8520 1216 5631 6371 6386 1339 6273 4618 1672 7788
103 1405 5116 9829 9824 1734 163 9840 6100 8479 3284 2497 7799 900 9262 7784 9770 4065 882 4352 6054 7133 5997 5733 616 7172 9291 3030 5438 940 3834 7020 1187 6701 4212 3661 5747 752 744 4113 123 6959 8462 7590 1670 7601 3146 7449 3055 8455 6397 4851 4245 6825 8489 2377 3783 1661 8509 9354 7070 236 6745 835 5462 5277 5709 8643 9750 3720 5306 5677 5196 5679 7021 3466 2288 6064 9509 788 8964 2786 5718 9567 8041 3187 6138 2929 5148 9614 6428 9151 7225 3402 6758 3964 9313 218 5538 7725 7503 1448 7619 7034
105 202 6720 3763 7797 6442 4488 1043 3959 9381 87 9663 7418 261 6530 2738 8725 2977 6525 1092 4126 1278 4530 1486 4275 6909 5606 4793 5888 9938 6076 2642 8257 3058 1871 9497 29 9389 9403 608 4761 7779 9804 6547 3747 2551 8393 6956 6491 7045 169 4690 8854 6636 315 1866 403 8438 3865 6376 290 8401 2100 807 2516 3887 8340 20 9243 4775 5782 916 6560 298 7761 5068 1270 555 6711 4906 5753 9551 9378 4510 7593 2718 2742 1158 35 5881 219 8108 7327 8376 6416 676 4704 8362 7573 2553 4478 6052 7499 636 5481 7062
108 8410 2687 4205 4086 3828 2107 7627 9454 9610 8446 4000 8264 1128 5973 1393 9098 267 3798 5541 7898 1989 4243 2596 8277 1828 6941 8755 1479 8538 6096 3170 7538 6344 3814 8313 5143 5355 8124 4441 3244 5886 8525 2409 5576 7397 8917 9652 5081 7710 7462 5991 5810 6801 8228 1590 1075 6222 1654 4863 3679 8951 9371 708 1314 4474 2080 9703 2865 5290 8769 5682 2626 3686 7961 3583 1101 4431 902 8678 8954 4855 576 6546 3362 8818 1733 7536 349 4050 2388 1715 4092 2836 733 1897 1826 3216 3120 1937 3968 6394 714 7360 4918 7929 4077 6315 4651
107 8100 3113 969 521 770 8952 5966 4341 6821 5818 5382 6558 2296 1376 7701 5083 4803 4097 8017 5162 372 7330 905 1490 7891 3812 3127 8141 3156 5127 8726 760 1050 6459 2013 6157 1469 7441 2699 2620 3112 8842 8641 2532 8960 2831 2057 7346 7135 7381 7693 6799 9705 3830 1003 6655 5695 1386 7407 6267 4582 6568 2427 7558 7351 8409 5452 9333 4186 7527 9735 4782 2228 891 5752 5413 4899 5554 5458 2215 5620 3061 8039 1768 2646 1481 6306 4073 5678 1441 75 245 2773 3966 6865 4729 7853 3394 5467 6600 6752 4657 6899 9566 4642 8182 6919
93 2468 3403 6820 9042 1210 1813 480 505 7363 7480 2965 6955 3604 773 4095 5933 3757 7862 7615 7231 5166 2556 5850 2211 9414 9817 7683 827 6099 8671 9607 2213 4826 4292 4822 3100 1910 6441 7378 7465 9733 1808 7675 1331 7589 717 2412 7768 6190 6335 1674 4744 3159 134 3612 951 7886 1243 7272 4251 8447 1965 8607 2643 2447 6282 6621 7270 9647 5928 3945 4860 1745 6474 3021 6845 1606 6257 1366 3442 7266 6828 8230 3484 2987 5515 5591 7700 7295 4700 5174 7637 4827
107 2355 3293 1506 663 9700 912 4832 8095 128 6165 9904 6399 697 9872 9357 1991 2887 4631 8099 6818 3546 3533 9017 4937 7839 2249 9709 2970 9940 4523 5281 9408 9113 2381 5366 3207 3941 1041 1304 3304 7293 6106 6822 7736 7721 7864 866 7235 1102 4950 9530 4953 7104 8894 9860 8431 5133 6260 8533 9493 7254 455 9914 6521 6340 9673 1790 3469 9461 4735 8830 8637 441 9976 5935 1372 9749 168 2078 9942 6596 5989 9882 4920 9684 7731 4114 3467 3057 8698 7939 582 7217 9054 6302 9402 4598 5879 4218 5573 6624 7787 8093 7436 3279 272 8290
101 1971 954 8799 1668 6377 4059 9184 3179 3078 204 2366 6954 173 2745 1801 6722 3136 6776 6697 5130 4946 4890 4896 1025 670 1877 4100 5364 5179 7150 1409 9314 2834 6829 4511 7555 6450 4910 8038 6942 4463 5520 8660 5816 117 6215 6234 5979 5685 4990 6320 4699 1414 4831 1635 346 5670 3399 438 5798 3995 5739 4550 3981 2004 9101 1618 3475 4745 6393 747 1899 4675 2799 6866 2424 4426 7857 9519 6164 1039 8016 7882 243 5484 5276 2860 9577 869 3068 3197 7149 2403 800 80 7691 2856 4588 7145 1266 1856
117 1345 319 9394 3371 9738 6539 2918 1551 6007 9506 725 884 2616 6836 8073 22 6757 7977 5691 5296 4123 8417 8839 1068 9310 2484 9318 10 5759 5736 5531 1155 3839 3899 9268 6665 8522 6286 6241 3351 7887 9676 7202 8271 2380 8321 6072 7667 4025 4394 6890 5061 7786 6734 6048 8327 343 7461 3258 2505 1385 4848 3760 8328 7433 2460 4602 1415 7342 6517 6935 8368 6090 8621 9773 2289 2220 5593 2644 8909 1581 8025 5899 5356 7384 2 1283 4980 1109 1789 6383 7727 2237 362 5510 6707 2230 9883 1208 8055 9400 9156 9332 9086 8267 828 355 4751 9919 4401 4576 1913 4967 4807 7872 3367 9409
103 6373 3895 384 8208 4758 3289 8979 9888 3013 8279 7442 5224 9542 7498 3210 3082 4403 9557 7102 2256 3675 3600 7074 553 4085 3062 2360 5395 6412 2813 8767 1139 1188 7868 7572 421 6579 8453 9235 3687 3474 8600 84 6588 4362 3225 8695 909 9826 5994 7239 9219 2019 9734 8081 4563 8250 6791 7888 7633 6226 8881 8486 4049 1237 9315 9843 2342 9239 7200 2093 5244 9758 9436 4756 8994 4387 2928 9959 1755 7636 4340 6524 7282 1603 1741 9373 8163 1940 3274 8965 3614 4266 7661 7291 9651 7878 1439 8694 1804 3739 3115 7137
113 7512 6536 174 4011 5968 838 1917 1536 8742 462 7387 5567 3672 3691 5776 3286 242 2658 9037 791 4124 5065 2127 2770 4861 4833 7722 2272 3616 1915 6105 506 9438 2393 9562 6452 4464 1798 8708 7359 7873 8344 3499 994 3571 9095 5577 7748 436 7376 2299 9712 9608 9365 9187 9581 9797 2696 3556 4220 9279 2982 7511 2635 8667 7322 1307 7043 674 8788 8049 289 8377 5342 3340 2144 1394 4162 7035 7638 9430 4262 6751 4443 5494 1233 6002 2457 8309 1432 844 9032 2631 8908 5751 1310 6696 1723 3737 6017 8722 8516 8648 3620 306 1007 4468 8983 7765 1335 9028 1803 2124
121 4733 4494 8629 533 7183 9643 8825 4276 6244 7212 8866 4568 5589 3881 6141 9874 1218 1069 3010 5098 6778 664 5920 249 2767 7965 2480 8404 5912 5702 8835 8723 5101 7804 6753 9531 5161 3663 6780 8476 6150 7651 456 5596 2181 4728 3823 3514 4134 3938 6147 8631 7680 226 8194 7375 8756 7530 8104 2755 8323 1884 5204 3444 7335 9082 9297 9599 9434 3706 7507 1684 5842 5585 4363 4104 5172 6887 1523 9775 9043 5216 9966 7988 2648 595 5618 3786 6505 8156 5212 7546 2611 7813 2992 9548 675 7134 4147 3925 2157 6873 8984 7138 5668 6001 354 9385 8604 9232 2720 1142 8311 8639 9672 5093 8363 8060 3305 5118 9264
104 2840 2708 3733 6449 9433 7827 3372 5152 7645 7617 8555 7463 5208 9636 478 2410 7732 6540 5637 397 1764 9406 8390 9553 2064 7486 3377 9183 799 6545 2367 8570 4790 8855 1671 9439 1868 8770 216 6706 9863 244 6342 1992 1622 2530 4271 1317 9018 8132 9793 8651 9759 4368 8189 1975 2566 6227 961 9014 1416 6233 8635 4043 7482 6629 7059 3891 5768 1146 3944 308 9044 7865 7837 5331 4440 7444 3607 1949 8281 2925 7132 3542 9908 8050 3818 7127 4853 5493 7201 1176 4278 7743 970 3041 6554 958 8851 3447 5757 1009 5692 8380
116 6796 4958 8759 4696 8897 8823 9589 9212 9068 5548 6598 387 4662 4504 4949 8974 1465 564 3089 9172 8036 9680 115 4671 8731 1582 9421 1950 786 2444 6634 4923 3483 9814 7884 2280 7290 301 5272 1240 4140 8772 4206 7412 4813 8999 8058 9224 4121 1687 6113 4344 7564 3196 6795 5360 6508 565 5763 9405 6516 7883 999 1355 7502 4539 2147 8506 5608 8160 8144 8253 977 2167 4773 2963 5804 3754 6755 8864 265 5487 7976 9952 5069 2175 8013 7314 5857 4390 6653 937 5665 1252 9499 7899 9716 9072 6538 9822 5571 9986 2160 5059 5646 6674 6280 5765 8856 7388 6460 8120 9931 5795 2797 8888
113 2283 6174 5255 8996 8451 3204 8890 3370 6733 607 8336 4799 5033 7357 1197 2753 7214 9783 6012 1783 6523 5741 1584 3980 4213 8828 3700 6939 453 3755 4982 2721 4498 8478 6290 7995 1583 206 5247 1450 6658 6472 6602 9308 7649 2920 2700 6833 2571 2125 6051 2010 5801 5169 9710 4843 26 2068 6292 6126 7924 6807 6750 7246 8530 5221 9030 6287 8254 8602 859 8625 4091 659 4798 8066 3948 5528 4282 9276 9827 2624 1887 1597 487 8173 2233 4106 2535 6607 4493 8914 8106 5361 9214 144 4749 8308 1097 1447 4250 1255 4196 3681 4052 5761 7707 3132 689 868 6108 2369 3805
110 4560 1548 2277 6735 5089 4688 8792 9393 8501 6687 4615 1327 7539 5880 8622 7756 1082 7532 1054 8557 4472 4683 3526 8936 5648 3140 5010 8129 7114 7641 9596 8601 4769 1446 6043 6037 4299 5615 8022 3409 9016 8360 88 1855 99 5823 2901 9352 5478 550 2812 5103 4898 5744 5122 4529 5096 7370 4933 8024 4517 2850 2011 5837 7997 2246 7257 1395 1236 4767 5230 7367 6098 3373 5488 3000 1346 4986 2108 6114 1642 7665 1820 4857 5527 8703 3570 6564 2633 7569 2270 9094 5026 9192 7085 2020 335 6708 31 2528 3750 8594 3711 46 1012 2426 1549 7197 5084 4391
105 230 2117 3040 2893 4640 4839 3355 7026 6650 1923 4454 3738 2722 2744 6743 2910 5521 8549 5711 3529 8433 7455 2361 8845 7938 1886 7495 6493 2930 1269 3773 4762 4293 8712 5796 7772 7500 3129 6120 0 686 9033 8097 7820 8490 6573 3381 1361 6698 4228 133 6139 3929 4324 8137 2830 4670 6466 6444 3648 6283 9606 8521 4450 5388 4373 5662 6153 1653 5766 3979 6349 9109 485 4585 516 4595 1702 6311 9485 2787 1488 8307 3804 7943 476 9572 3265 2264 373 6914 3063 3868 1201 3963 7708 1066 2373 6489 5131 1143 8980 5884 3332 3615
99 727 7277 8067 7317 8706 2317 66 691 6023 3597 9752 6432 7055 3796 4919 7374 2479 4543 9890 5211 1468 6567 9025 5536 8850 9089 3603 5955 4825 3857 4792 3364 2795 8992 3746 7738 8655 6640 7271 5191 4313 3482 423 9658 7452 8513 9012 2650 6045 2081 1248 2048 9983 6543 9087 2815 5499 8515 2432 5526 7806 932 6740 5501 7081 7312 179 7607 7840 8296 9625 4350 3241 8333 6350 1249 787 8907 1150 7724 8733 2397 3606 4915 9379 1132 4884 4232 562 5555 726 8199 8803 2803 3457 5500 5323 8 7424
103 4525 4746 8626 6385 7379 9118 5622 5603 911 2186 3765 3713 8627 8933 7568 8361 3128 9654 3862 2298 2890 6094 9523 6960 8385 8944 3215 8867 2489 9459 5082 1535 7584 1253 1467 8287 9895 7618 2431 6826 9922 8465 6365 7083 6329 5453 6178 4878 6316 8552 9851 8628 6201 227 8529 8924 5463 7752 5424 3647 3091 8998 5872 7094 5064 2698 8791 4353 8407 74 5995 9383 6798 7762 6920 8747 9512 7656 2128 9346 8121 6577 1976 6586 9626 2162 9580 7591 7919 9440 3554 7537 7190 8583 2002 8873 6613 6522 1810 3930 5784 9105 5090
102 7934 9715 8652 4414 2957 4396 5758 6766 8781 100 5996 9671 7614 5154 1621 2333 696 7737 6974 1065 4840 3178 6162 3012 1021 1487 3455 2252 6119 7250 2273 8283 2733 1494 811 5257 2688 7580 2341 6199 2014 821 3624 1844 7518 5336 4194 5199 6551 3438 2391 9962 431 6404 366 7249 1320 8927 499 2775 3074 6159 4797 5442 7877 2662 6763 9886 7931 1727 921 7856 3285 3262 6042 6317 1326 841 3203 9547 6022 3949 4654 2898 5849 4808 7980 8948 4364 391 4507 1769 3154 1553 3572 1382 5313 3678 2015 1596 7485 7414
114 4462 2383 7541 233 113 8925 4999 9337 2402 7551 5358 7198 7832 6247 6946 1254 779 4487 8412 7946 1778 888 464 3316 5176 309 4976 4677 6533 8045 7058 2161 1173 2483 7140 4094 122 7704 887 4157 5125 2205 2440 6137 2719 1209 8977 985 1710 5400 2154 8048 5512 1860 998 1525 1688 9518 7431 2148 1703 4545 7175 5063 5921 9765 5190 6253 8784 2320 8164 4908 9226 1056 8562 1579 6815 3845 2671 6044 7516 5391 9685 4066 945 4098 8028 7019 4887 9167 8375 9661 9300 2533 6813 3654 7008 3107 1298 7111 2609 1979 537 9374 1916 2258 5207 4219 8312 2593 3855 3036 7288 287
107 1895 1489 7697 4570 3437 2774 7361 6118 1433 8152 5556 6989 643 587 3352 5611 1353 5024 745 2964 7903 3281 4046 7383 3451 4115 6578 3495 8421 9619 6389 2006 9040 6695 1466 439 5426 6633 7534 5156 4617 4410 6940 8953 3879 9399 6611 3026 2986 6614 5009 7157 634 1526 5039 477 3898 5074 3336 8849 224 1138 6561 5699 4880 6835 1261 8640 509 1997 404 6212 3168 2615 7233 3301 9887 8220 5317 1127 5261 6783 876 2820 715 3913 7366 4862 108 3998 7326 7380 6979 903 3728 258 2549 3085 1666 8676 8444 4422 1982 7906 3218 6236 3401
113 4217 357 6772 526 8683 469 4579 5094 3794 6867 836 9331 9960 1615 1761 6409 7204 8019 3035 9659 5706 9984 3590 2610 9864 9846 2875 9991 9102 9476 9244 3079 5885 9285 3994 8741 3173 1567 8261 6738 6030 9639 2488 3594 5421 2747 6123 7875 9556 4639 9854 284 5184 140 2379 3939 4238 8467 7464 1206 365 7437 5275 7362 5714 4207 3194 4397 1743 4127 8304 1747 3712 1681 7606 1507 2413 2063 4501 8858 7470 5145 4905 9449 1852 2851 4586 7079 1275 8795 4004 8736 9756 3291 4420 2172 2868 8018 9425 3960 9290 2225 8472 9392 96 3248 1600 1675 9306 2639 8986 9076 5468
112 8657 739 7923 5254 6026 7808 777 637 6127 220 3081 1160 5086 2784 3921 8761 5423 3986 7095 1019 5605 4879 8221 6015 6325 4636 6417 2242 7561 1094 8259 4647 8351 8426 6116 8252 1093 9450 7087 4736 968 5329 9522 9229 6628 1399 3856 1651 4740 3357 7078 7774 5958 5836 8764 3104 4963 1411 3334 4954 7400 4470 6967 628 9949 6346 621 6584 1463 3290 4146 2096 3581 5944 9891 8263 4942 299 6800 1771 225 295 5483 3426 7493 1633 7328 1224 8957 6426 3300 1245 9451 2065 9915 4101 3940 8901 3729 2036 4956 1885 407 4959 4991 2594 3109 6918 1716 1071 5139 2810
