0
2 0 88
4 263 19 245 71
11 171 44 113 282 121 27 199 242 252 97 257
2 278 149
0
1 163
0
4 184 294 148 285
0
7 112 12 215 186 135 211 165
17 261 79 232 174 214 236 197 190 70 16 196 141 251 272 84 169 2
0
0
1 249
11 146 254 268 237 76 83 250 192 288 46 208
0
0
1 99
0
8 111 109 48 101 291 20 51 104
3 123 77 130
4 6 10 205 292
0
3 198 281 217
0
0
0
13 296 103 24 13 15 38 63 166 277 241 122 26 191
0
14 188 29 40 185 209 73 42 5 31 67 126 1 9 151
3 212 259 273
7 11 269 131 45 266 145 17
0
3 201 255 289
9 87 161 60 39 28 50 253 93 124
0
19 180 72 299 62 227 56 125 21 230 128 222 68 89 35 78 280 120 229 94
4 226 284 295 177
0
0
5 275 7 203 95 18
0
0
1 108
1 164
2 116 58
12 159 92 225 200 213 172 14 258 235 248 106 154
6 74 129 91 158 160 119
0
0
0
0
0
0
0
1 167
13 54 8 246 220 193 107 267 224 102 239 86 138 152
0
0
0
0
0
5 127 218 53 204 157
4 100 47 143 247
0
0
0
13 82 243 22 147 90 118 139 238 265 155 233 178 52
0
0
0
0
2 206 194
0
0
0
0
3 117 195 23
0
5 176 279 270 293 274
4 41 134 260 144
11 61 114 283 81 219 55 142 30 256 173 175
11 298 140 25 98 223 59 297 231 37 153 183
12 168 110 4 286 133 202 207 287 264 66 228 189
0
7 115 182 43 262 240 49 132
0
4 85 162 136 105
0
0
0
0
0
0
9 34 75 276 290 187 57 32 64 3
0
0
1 69
11 216 80 210 137 150 156 96 244 271 170 181
